20 240
64 96
104 96
148 240
188 451
232 636
272 704
316 624
356 448
400 255
444 156
484 176
528 287
568 460
612 590
652 624
700 536
744 387
788 255
828 199
872 248
912 352
956 480
996 568
1040 572
1084 496
1124 384
1168 286
1208 252
1252 286
1292 384
1336 480
1376 527
1420 519
1464 463
1504 384
1548 312
1588 286
1632 319
1672 387
1720 480
1764 508
1808 496
1848 448
1892 384
1932 319
1976 316
2016 352
2060 408
2100 455
2144 480
2188 463
2228 415
2272 384
2312 335
2356 335
2396 384
2440 414
2484 448
2524 463
2568 448
2608 412
2652 384
2692 352
2740 353
2784 384
2828 415
2868 448
2912 448
2952 448
2996 399
3036 384
3080 368
3120 384
3164 387
3208 415
3248 448
3292 448
3332 419
3376 398
3416 384
3460 384
3504 384
3544 391
3588 415
3628 432
3672 448
3712 415
3760 391
3804 384
3848 384
3888 384
3932 399
3972 415
4016 423
4056 415
4100 412
4144 391
4184 384
4228 384
4268 387
4312 399
4352 415
4396 415
4436 415
4480 408
4524 391
4564 385
4608 387
4648 396
4692 408
4732 414
4784 415
4824 414
4868 399
4908 391
4952 391
4992 391
5036 399
5080 408
5120 414
5164 414
5204 412
5248 399
5288 396
5332 391
5372 391
5416 399
5460 408
5500 412
5544 412
5584 408
5628 399
5668 398
5712 396
5756 398
5804 399
5844 408
5888 412
5928 408
5972 408
6016 399
6056 398
6100 396
6140 399
6184 399
6224 408
6268 408
6308 408
6352 399
6396 399
6436 399
6480 399
6520 399
6564 399
6604 403
6648 408
6692 408
6732 408
6776 399
6824 399
6864 399
6908 399
6952 399
6992 401
7036 408
7076 401
7120 399
7160 399
7204 399
7244 399
7288 399
7332 399
7372 403
7416 403
7456 408
7500 399
7540 399
7584 399
7628 399
7668 399
7712 399
7752 401
7796 399
7844 399
7888 399
7928 399
7972 399
8012 399
8056 399
8096 399
8140 399
8180 399
8224 399
8268 399
8308 399
8352 399
8392 399
8436 399
8476 399
8520 399
8564 399
8604 399
8648 399
8688 399
8732 399
8772 399
8816 399
8864 399
8908 399
8948 399
8992 399
9032 399
9076 399
9116 399
9160 399
9204 399
9244 399
9288 399
9328 399
9372 399
9412 399
9456 399
9500 399
9540 399
9584 399
9624 399
9668 399
9708 399
9752 399
9792 399
9836 399
9884 399
9928 399
9968 399
10012 399
10052 399
10096 399
10140 399
10180 399
10224 399
10264 399
10308 399
10348 399
10392 399
10436 399
10476 399
10520 399
10560 399
10604 399
10644 399
10688 399
10728 399
10772 399
10816 399
10856 399
28 199
72 71
112 112
156 271
196 496
240 639
284 704
324 583
368 408
408 240
452 143
492 192
536 319
576 496
620 608
664 624
704 527
748 385
788 255
832 199
872 248
916 352
960 480
1000 568
1044 568
1088 480
1132 384
1172 271
1216 252
1256 287
1300 384
1340 480
1384 527
1428 519
1468 451
1512 384
1552 304
1596 286
1636 319
1680 396
1720 480
1764 508
1808 496
1848 448
1892 384
1932 319
1976 316
2016 352
2068 414
2108 463
2152 480
2192 455
2236 414
2276 384
2320 334
2360 352
2404 384
2448 415
2488 449
2532 463
2572 448
2616 408
2656 384
2700 352
2744 352
2784 384
2828 415
2868 448
2912 448
2952 448
2996 399
3036 384
3088 368
3128 384
3172 391
3212 415
3256 448
3296 448
3340 415
3384 391
3424 384
3468 384
3508 384
3552 396
3592 415
3636 432
3680 432
3720 415
3764 391
3804 384
3848 384
3888 384
3932 399
3972 415
4016 423
4060 415
4108 408
4148 391
4192 384
4232 384
4276 391
4320 399
4360 415
4404 415
4444 415
4488 403
4528 391
4572 384
4616 385
4656 391
4700 399
4740 414
4784 415
4824 412
4868 399
4908 391
4952 387
4996 387
5036 396
5080 403
5128 412
5168 414
5212 408
5256 399
5296 391
5340 391
5380 391
5424 399
5464 403
5508 412
5552 412
5592 408
5636 399
5676 396
5720 391
5760 391
5804 399
5844 408
5888 408
5932 412
5972 403
6016 399
6056 396
6100 391
6148 398
6192 399
6232 403
6276 408
6316 408
6360 399
6400 399
6444 398
6488 398
6528 399
6572 399
6612 403
6656 403
6696 401
6740 399
6780 399
6824 398
6868 399
6908 399
6952 399
6992 401
7036 403
7076 399
7120 399
7168 399
7212 399
7252 399
7296 399
7336 399
7380 401
7424 399
7464 399
7508 399
7548 399
7592 399
7632 399
7676 399
7716 399
7760 399
7804 399
7844 399
7888 399
7928 399
7972 399
8012 399
8056 399
8100 399
8140 399
8188 399
8232 399
8272 399
8316 399
8360 399
8400 399
8444 399
8484 399
8528 399
8568 399
8612 399
8652 399
8696 399
8740 399
8780 399
8824 399
8864 399
8908 399
8948 399
8992 399
9036 399
9076 399
9120 399
9160 399
9208 399
9252 399
9296 399
9336 399
9380 399
9420 399
9464 399
9504 399
9548 399
9588 399
9632 399
9676 399
9716 399
9760 399
9800 399
9844 399
9884 399
9928 399
9972 399
10012 399
10056 399
10096 399
10140 399
10180 399
10228 399
10272 399
10316 399
10356 399
10400 399
10440 399
10484 399
10524 399
10568 399
10612 399
10652 399
10696 399
10736 399
10780 399
10820 399
10864 399
40 152
84 63
124 135
168 327
208 542
252 671
292 671
336 543
384 319
428 192
468 143
512 240
552 387
596 543
636 632
680 608
720 480
764 319
808 224
848 207
892 286
932 408
976 519
1016 575
1060 542
1104 448
1144 327
1188 255
1228 255
1272 319
1312 415
1356 508
1404 536
1448 496
1488 414
1532 327
1572 286
1616 295
1656 353
1700 448
1744 496
1784 508
1828 480
1868 399
1912 352
1952 316
1996 319
2036 384
2080 448
2124 480
2164 480
2208 448
2248 391
2292 352
2332 327
2376 352
2424 390
2468 448
2508 460
2552 455
2592 432
2636 384
2680 352
2720 352
2764 384
2804 398
2848 448
2888 448
2932 448
2972 415
3016 384
3060 384
3100 384
3144 384
3184 399
3228 432
3268 448
3312 448
3356 414
3396 385
3444 384
3488 384
3528 385
3572 408
3616 432
3656 448
3700 419
3740 399
3784 384
3824 384
3868 384
3908 391
3952 412
3996 419
4036 423
4080 415
4120 399
4164 387
4204 384
4248 384
4292 391
4332 408
4376 415
4416 415
4464 412
4508 399
4552 387
4592 385
4636 387
4676 399
4720 412
4760 415
4804 415
4844 408
4888 399
4932 391
4972 387
5016 391
5056 399
5100 408
5140 414
5184 414
5228 408
5268 399
5312 391
5352 391
5396 396
5436 399
5484 412
5528 412
5572 412
5612 399
5656 399
5696 391
5740 391
5780 399
5824 399
5868 408
5908 412
5952 408
5992 401
6036 398
6076 396
6120 396
6164 399
6204 399
6248 408
6288 408
6332 403
6372 399
6416 399
6456 396
6508 399
6548 399
6592 399
6632 408
6676 408
6716 399
6760 399
6804 399
6844 399
6888 399
6928 399
6972 401
7012 408
7056 408
7100 403
7140 399
7184 399
7224 399
7268 399
7308 399
7352 399
7392 408
7436 403
7480 399
7520 399
7568 399
7612 399
7652 399
7696 399
7740 399
7780 399
7824 399
7864 399
7908 399
7948 399
7992 399
8036 399
8076 399
8120 401
8160 403
8204 399
8244 399
8288 399
8328 399
8372 399
8416 399
8456 399
8500 399
8540 399
8588 399
8632 399
8676 399
8716 399
8760 399
8800 399
8844 399
8884 399
8928 399
8972 399
9012 399
9056 399
9096 399
9140 399
9180 401
9224 399
9264 399
9308 399
9352 399
9392 399
9436 399
9476 399
9520 399
9560 399
9608 399
9652 401
9696 399
9736 399
9780 399
9820 399
9864 399
9904 399
9948 399
9992 399
10032 399
10076 399
10116 399
10160 399
10200 399
10244 399
10284 399
10328 399
10372 399
10412 399
10456 399
10496 399
10540 399
10580 399
10628 399
10672 399
10716 399
10756 403
10800 399
10840 399
10884 399
48 126
92 71
132 192
176 384
216 575
260 688
300 647
344 508
384 318
428 192
472 152
512 248
556 399
596 551
640 632
680 583
732 448
772 304
816 224
856 224
900 312
940 448
984 542
1028 574
1068 524
1112 415
1152 316
1196 255
1236 255
1280 352
1320 448
1364 512
1408 536
1448 496
1492 408
1532 319
1576 286
1616 304
1660 384
1704 448
1752 504
1792 504
1836 451
1876 384
1920 327
1964 316
2004 334
2048 385
2088 448
2132 480
2172 480
2216 448
2256 384
2300 352
2344 327
2384 352
2428 391
2468 448
2512 462
2552 455
2596 423
2640 384
2680 352
2724 352
2772 384
2812 408
2856 448
2900 448
2940 448
2984 412
3024 384
3068 384
3108 384
3152 384
3192 412
3236 448
3280 448
3320 432
3364 408
3404 384
3448 384
3488 384
3532 385
3576 414
3616 432
3660 448
3700 415
3744 399
3792 384
3836 384
3876 384
3920 396
3960 414
4004 419
4044 422
4088 415
4128 399
4172 385
4216 384
4256 385
4300 399
4340 414
4384 415
4424 415
4468 412
4512 399
4552 387
4596 384
4636 391
4680 399
4720 412
4764 415
4812 414
4856 408
4896 396
4940 391
4980 387
5024 391
5064 399
5108 412
5152 414
5192 412
5236 401
5276 398
5320 391
5360 391
5404 398
5448 399
5488 412
5532 412
5572 408
5616 399
5656 398
5700 391
5740 391
5784 399
5832 403
5876 408
5916 408
5960 408
6000 399
6044 398
6088 396
6128 398
6172 399
6212 399
6256 408
6296 408
6340 401
6384 399
6424 399
6468 398
6508 399
6552 399
6592 399
6636 403
6676 408
6720 399
6764 399
6804 399
6852 399
6896 399
6936 399
6980 399
7024 408
7064 399
7108 399
7148 399
7192 399
7232 399
7276 399
7320 399
7360 401
7404 399
7444 399
7488 399
7528 399
7572 399
7612 399
7656 399
7700 399
7740 399
7784 399
7824 399
7868 399
7916 399
7960 399
8000 399
8044 399
8084 399
8128 399
8168 399
8212 399
8256 399
8296 399
8340 399
8380 399
8424 399
8464 399
8508 399
8548 399
8592 399
8636 399
8676 399
8720 399
8760 399
8804 399
8844 399
8888 399
8932 399
8976 399
9020 399
9060 399
9104 399
9144 399
9188 399
9228 399
9272 399
9312 399
9356 399
9400 399
9440 399
9484 399
9524 399
9568 399
9608 399
9652 399
9696 399
9736 408
9780 399
9820 399
9864 399
9904 399
9952 399
9996 399
10040 399
10080 399
10124 399
10164 399
10208 399
10248 399
10292 399
10332 399
10376 399
10420 399
10460 399
10504 399
10544 399
10588 399
10628 399
10672 399
10716 399
10756 399
10800 399
10840 399
10884 399
