20 304
64 192
104 96
148 62
188 96
232 167
272 287
316 423
360 560
400 664
444 736
484 736
532 664
576 568
620 448
660 304
704 192
744 120
788 96
828 120
872 192
912 304
956 432
1000 543
1040 639
1084 704
1124 704
1168 654
1208 568
1252 448
1296 319
1336 224
1380 142
1420 112
1464 127
1504 192
1552 312
1596 432
1640 540
1680 632
1724 671
1764 671
1808 636
1848 543
1892 448
1936 327
1976 240
2020 159
2060 127
2104 156
2144 224
2188 312
2232 414
2272 515
2316 608
2356 652
2400 655
2440 632
2484 551
2524 451
2568 335
2616 248
2660 192
2700 158
2744 176
2784 240
2828 316
2872 414
2912 511
2956 583
2996 636
3040 639
3080 608
3124 540
3168 448
3208 352
3252 255
3292 199
3336 192
3376 192
3420 240
3460 312
3504 399
3548 496
3588 575
3636 624
3680 624
3720 590
3764 527
3808 448
3848 353
3892 271
3932 224
3976 192
4016 199
4060 252
4104 319
4144 399
4188 481
4228 547
4272 608
4312 608
4356 575
4396 526
4440 449
4484 384
4524 291
4568 240
4608 224
4656 224
4700 255
4744 319
4784 399
4828 480
4868 543
4912 575
4952 590
4996 572
5040 513
5080 448
5124 384
5164 304
5208 254
5248 224
5292 240
5332 255
5376 319
5420 391
5460 480
5504 526
5544 568
5588 575
5628 560
5680 508
5720 448
5764 384
5804 312
5848 255
5888 240
5932 248
5976 280
6016 327
6060 396
6100 463
6144 515
6184 551
6228 568
6268 543
6312 508
6356 448
6396 384
6440 319
6480 271
6524 254
6564 255
6608 284
6652 327
6700 396
6740 455
6784 510
6824 542
6868 543
6912 527
6952 496
6996 448
7036 384
7080 327
7120 287
7164 255
7204 255
7248 287
7292 332
7332 387
7376 448
7416 496
7460 524
7500 540
7544 524
7588 496
7628 448
7672 387
7720 327
7760 287
7804 271
7848 275
7888 304
7932 352
7972 391
8016 448
8056 496
8100 513
8140 527
8184 512
8228 481
8268 448
8312 387
8352 352
8396 312
8436 287
8480 287
8524 312
8564 352
8608 385
8648 448
8692 480
8740 511
8784 515
8824 510
8868 480
8908 448
8952 390
8992 352
9036 316
9076 295
9120 295
9164 318
9204 352
9248 391
9288 448
9332 480
9372 508
9416 511
9460 508
9500 480
9544 448
9584 399
9628 384
9668 327
9712 312
9760 312
9804 319
9844 368
9888 391
9928 448
9972 480
10012 504
10056 508
10100 504
10140 480
10184 448
10224 399
10268 384
10308 327
10352 318
10396 318
10436 327
10480 353
10520 387
10564 432
10604 462
10648 496
10688 504
10732 496
10780 480
10824 448
10864 399
28 255
76 135
120 71
164 63
204 124
248 224
288 352
332 480
372 608
416 704
456 736
500 707
544 639
584 527
628 399
668 271
712 176
752 112
796 96
840 127
880 224
924 327
964 455
1008 575
1048 659
1096 704
1140 704
1184 624
1224 519
1268 399
1308 284
1352 192
1392 127
1436 120
1480 158
1520 240
1564 352
1604 455
1648 568
1688 639
1732 678
1772 670
1816 624
1860 524
1900 415
1944 312
1984 224
2028 156
2068 135
2120 192
2160 252
2204 352
2244 451
2288 551
2328 632
2372 655
2416 639
2456 608
2500 512
2540 414
2584 316
2624 225
2668 176
2708 159
2752 192
2796 252
2836 352
2880 448
2920 527
2964 608
3004 638
3048 636
3092 590
3140 508
3180 412
3224 318
3264 248
3308 192
3352 192
3392 199
3436 255
3476 352
3520 448
3560 519
3604 583
3644 624
3688 624
3732 575
3772 508
3816 419
3856 334
3900 255
3940 224
3984 192
4028 224
4068 255
4112 352
4160 448
4200 512
4244 574
4288 608
4328 608
4372 568
4412 504
4456 415
4496 335
4540 263
4580 224
4624 207
4668 225
4708 271
4752 352
4792 419
4836 504
4876 560
4920 583
4964 583
5004 551
5048 504
5088 423
5132 352
5180 280
5224 240
5264 224
5308 248
5348 287
5392 352
5432 419
5476 496
5516 543
5560 572
5604 572
5644 542
5688 496
5728 419
5772 352
5812 287
5856 254
5900 240
5940 252
5984 287
6024 352
6068 414
6108 480
6152 526
6200 560
6244 560
6284 527
6328 480
6368 415
6412 368
6452 304
6496 255
6540 254
6580 255
6624 304
6664 352
6708 415
6748 480
6792 519
6836 543
6876 543
6920 527
6960 481
7004 448
7044 384
7088 319
7128 284
7172 255
7220 280
7264 316
7304 384
7348 415
7388 480
7432 512
7476 542
7516 542
7560 519
7600 480
7644 432
7684 384
7728 319
7772 287
7812 280
7856 286
7896 316
7940 368
7980 412
8024 455
8064 504
8108 527
8152 527
8192 512
8240 480
8284 432
8324 384
8368 327
8412 304
8452 287
8496 291
8536 319
8580 384
8620 412
8664 455
8708 496
8748 515
8792 519
8832 508
8876 480
8916 432
8960 384
9000 352
9044 316
9088 295
9128 304
9172 319
9212 368
9256 412
9304 451
9348 496
9388 510
9432 511
9472 504
9516 480
9556 432
9600 384
9644 352
9684 319
9728 312
9768 316
9812 327
9852 384
9896 399
9936 448
9980 480
10024 504
10064 508
10108 496
10148 463
10192 432
10232 385
10276 352
10320 319
10364 312
10408 318
10448 334
10492 384
10532 399
10576 448
10616 480
10660 496
10700 496
10744 481
10788 460
10828 432
10872 390
40 248
84 135
124 79
168 78
208 127
252 240
296 353
336 496
380 624
424 704
468 736
508 704
552 624
592 511
636 384
676 255
720 159
764 112
804 112
848 152
888 240
932 352
972 480
1016 583
1056 664
1100 704
1144 675
1184 624
1228 515
1268 399
1312 286
1352 192
1404 127
1444 127
1488 176
1528 254
1572 368
1612 480
1656 575
1700 639
1740 671
1784 655
1824 608
1868 508
1908 396
1952 287
1992 204
2036 156
2080 143
2120 192
2164 254
2204 352
2248 451
2288 543
2332 624
2376 639
2424 638
2464 575
2508 496
2548 391
2592 295
2636 224
2676 176
2720 159
2760 195
2804 255
2844 352
2888 448
2928 540
2972 608
3016 636
3056 624
3100 575
3140 504
3184 408
3224 318
3268 248
3312 192
3352 192
3396 207
3444 271
3484 368
3528 448
3572 527
3612 583
3656 624
3696 608
3740 568
3780 496
3824 408
3864 319
3908 254
3952 224
3992 199
4036 224
4076 280
4120 352
4160 448
4204 511
4248 572
4288 608
4332 591
4372 560
4416 496
4464 408
4508 327
4548 255
4592 225
4632 224
4676 248
4716 287
4760 384
4800 448
4844 510
4888 568
4928 583
4972 575
5012 543
5056 496
5096 415
5140 352
5184 287
5224 252
5268 240
5308 254
5352 295
5392 368
5436 432
5484 504
5528 543
5568 574
5612 572
5652 536
5696 480
5736 415
5780 352
5824 291
5864 255
5908 252
5948 255
5992 312
6032 384
6076 432
6120 496
6160 536
6204 560
6244 560
6288 527
6328 480
6372 419
6412 384
6456 312
6504 263
6548 255
6588 271
6632 316
6672 384
6716 432
6760 480
6800 524
6844 543
6884 543
6928 515
6968 480
7012 415
7056 384
7096 316
7140 284
7180 271
7224 284
7264 318
7308 384
7348 415
7392 480
7436 511
7476 529
7524 529
7568 510
7608 480
7652 415
7696 384
7736 319
7780 287
7820 280
7864 287
7904 319
7948 384
7992 415
8032 463
8076 504
8116 519
8160 519
8200 508
8244 480
8284 415
8328 384
8372 327
8412 304
8456 287
8496 295
8544 326
8588 384
8632 415
8672 455
8716 504
8756 512
8800 512
8840 496
8884 462
8928 415
8968 384
9012 335
9052 312
9096 295
9136 312
9180 327
9220 384
9264 412
9308 448
9348 481
9392 508
9432 510
9476 496
9516 463
9568 415
9608 384
9652 352
9692 318
9736 312
9776 316
9820 335
9864 384
9904 412
9948 448
9988 480
10032 504
10072 504
10116 481
10156 455
10200 423
10244 384
10284 352
10328 319
10368 316
10412 319
10452 335
10496 384
10540 403
10580 448
10628 480
10672 496
10712 496
10756 480
10800 449
10840 415
10884 384
48 224
92 120
132 63
176 79
220 140
260 252
304 384
344 512
388 632
428 704
472 736
520 688
564 608
604 480
648 352
688 224
732 135
772 96
816 112
856 159
900 255
944 384
984 510
1028 609
1068 679
1112 704
1152 671
1196 608
1240 496
1280 384
1324 255
1364 167
1408 126
1448 126
1492 176
1540 271
1584 385
1624 508
1668 608
1708 655
1752 675
1792 639
1836 575
1880 480
1920 384
1964 255
2004 192
2048 143
2088 152
2132 192
2172 271
2216 384
2260 481
2300 575
2344 639
2384 659
2428 639
2468 575
2512 496
2560 384
2604 280
2644 206
2688 167
2728 176
2772 224
2816 287
2856 384
2900 480
2940 568
2984 624
3024 639
3068 624
3108 568
3152 481
3196 385
3236 304
3280 225
3320 192
3364 192
3404 224
3448 287
3492 384
3532 463
3580 551
3624 608
3664 624
3708 608
3752 547
3792 480
3836 385
3876 312
3920 248
3960 199
4004 199
4044 240
4088 295
4132 384
4172 455
4216 531
4256 583
4300 608
4340 591
4384 543
4428 480
4468 399
4512 319
4552 255
4600 224
4644 224
4688 252
4728 312
4772 384
4812 455
4856 523
4896 574
4940 588
4980 575
5024 536
5068 480
5108 391
5152 319
5192 263
5236 240
5276 240
5320 255
5364 312
5404 384
5448 448
5488 510
5532 551
5572 575
5620 568
5664 519
5708 463
5748 391
5792 327
5832 280
5876 252
5916 248
5960 255
6004 316
6044 384
6088 448
6128 504
6172 543
6212 568
6256 551
6300 515
6340 480
6384 403
6424 352
6468 287
6508 255
6552 255
6592 271
6636 319
6684 384
6728 448
6768 496
6812 529
6852 543
6896 543
6940 511
6980 460
7024 399
7064 352
7108 304
7148 271
7192 255
7236 286
7276 319
7320 384
7360 432
7404 480
7444 515
7488 540
7528 529
7572 508
7616 462
7656 399
7704 352
7748 312
7788 284
7832 280
7876 291
7916 327
7960 384
8000 432
8044 480
8084 511
8128 526
8168 519
8212 504
8256 455
8296 412
8340 384
8380 319
8424 287
8464 287
8508 304
8552 327
8592 384
8636 415
8676 463
8724 504
8768 515
8812 511
8852 496
8896 449
8936 408
8980 384
9020 319
9064 304
9104 295
9148 312
9192 335
9232 384
9276 415
9316 460
9360 496
9400 510
9444 508
9488 496
9528 451
9572 415
9612 384
9656 352
9696 316
9744 312
9788 319
9832 352
9872 384
9916 415
9956 455
10000 496
10040 504
10084 504
10128 480
10168 449
10212 415
10252 384
10296 352
10336 319
10380 316
10424 319
10464 352
10508 384
10548 415
10592 448
10632 480
10676 496
10716 496
10768 480
10808 448
10852 414
10892 384
