20 248
64 96
108 60
148 176
192 384
232 543
276 654
316 639
360 543
404 391
444 255
488 199
528 225
572 319
612 448
656 519
696 560
740 519
784 448
824 368
868 304
908 287
952 319
1000 391
1044 455
1084 496
1128 480
1168 448
1212 391
1252 352
1296 334
1340 352
1380 384
1424 415
1464 448
1508 451
1548 448
1592 415
1632 384
1676 384
1720 384
1760 384
1804 398
1844 415
1888 448
1928 432
1972 415
2016 396
2064 384
2104 384
2148 384
2188 391
2232 408
2276 415
2316 415
2360 415
2400 399
2444 391
2484 387
2528 387
2568 391
2612 399
2656 408
2696 414
2740 412
2780 408
2824 399
2864 391
2908 391
2952 391
2992 399
3036 399
3084 408
3124 408
3168 408
3212 399
3252 399
3296 396
3336 396
3380 399
3420 399
3464 399
3504 403
3548 408
3592 399
3632 399
3676 399
3716 399
3760 399
3800 399
3844 399
3888 399
3928 399
3972 399
4012 399
4056 399
4100 399
4144 399
4188 399
4228 399
4272 399
4312 399
4356 399
4396 399
4440 399
4480 399
4524 399
4568 399
4608 399
4652 399
4692 399
4736 399
4776 399
4820 399
4864 399
4904 399
4948 399
4988 399
5032 399
5072 399
5120 399
5164 399
5208 398
5248 399
5292 399
5332 399
5376 399
5416 399
5460 399
5504 399
5544 399
5588 399
5628 399
5672 399
5712 399
5756 399
5796 399
5840 399
5884 399
5924 399
5968 399
6008 399
6052 399
6092 399
6144 399
6184 399
6228 399
6268 399
6312 399
6352 399
6396 399
6440 399
6480 399
6524 399
6564 399
6608 399
6648 399
6692 399
6732 399
6776 399
6820 399
6860 399
6904 399
6944 399
6988 399
7028 399
7072 399
7116 399
7164 399
7204 399
7248 399
7288 399
7332 399
7376 399
7416 399
7460 399
7500 399
7544 399
7584 399
7628 399
7668 399
7712 399
7756 399
7796 399
7840 399
7880 399
7924 399
7964 399
8008 399
8052 399
8092 399
8136 408
8184 399
8224 399
8268 399
8312 399
8352 399
8396 399
8436 399
8480 399
8520 399
8564 399
8604 399
8648 399
8692 399
8732 399
8776 399
8816 399
8860 399
8900 399
8944 399
8988 399
9028 399
9072 399
9112 399
9156 399
9204 399
9248 399
9288 399
9332 399
9372 399
9416 399
9456 399
9500 399
9540 399
9584 399
9628 399
9668 399
9712 399
9752 399
9796 399
9836 399
9880 399
9924 399
9964 399
10008 399
10048 399
10092 399
10132 399
10176 399
10224 399
10268 399
10308 399
10352 399
10392 399
10436 399
10476 399
10520 399
10564 399
10604 399
10648 399
10688 399
10732 399
10772 399
10816 399
10860 399
28 199
72 63
116 71
156 224
200 399
240 575
284 659
324 636
372 496
416 352
460 240
500 199
544 255
584 368
628 480
668 543
712 543
752 504
796 415
840 334
880 287
924 291
964 352
1008 408
1048 463
1092 496
1136 480
1176 448
1220 384
1260 352
1304 335
1344 352
1392 387
1436 432
1480 448
1520 448
1564 448
1604 399
1648 384
1688 384
1732 384
1776 384
1816 401
1860 419
1900 448
1944 423
1984 414
2028 391
2068 384
2112 384
2156 384
2196 396
2240 412
2280 415
2324 415
2364 414
2416 399
2456 391
2500 385
2540 387
2584 391
2624 399
2668 412
2712 414
2752 412
2796 399
2836 399
2880 391
2920 391
2964 391
3004 399
3048 399
3092 408
3132 408
3176 401
3216 399
3260 398
3300 396
3344 396
3388 399
3436 399
3476 403
3520 403
3560 399
3604 399
3648 399
3688 399
3732 398
3772 399
3816 399
3856 403
3900 399
3940 399
3984 399
4028 399
4068 399
4112 399
4152 399
4196 399
4236 399
4280 399
4324 399
4364 399
4408 399
4456 399
4496 399
4540 399
4584 399
4624 399
4668 399
4708 399
4752 399
4792 399
4836 399
4876 399
4920 399
4964 399
5004 399
5048 399
5088 399
5132 399
5172 399
5216 399
5260 399
5300 399
5344 399
5384 399
5428 399
5476 399
5520 399
5560 399
5604 399
5644 399
5688 399
5728 399
5772 399
5812 399
5856 399
5900 399
5940 399
5984 399
6024 399
6068 399
6108 399
6152 399
6196 399
6236 399
6280 399
6320 399
6364 399
6404 399
6448 399
6496 399
6540 399
6580 399
6624 399
6664 399
6708 399
6748 399
6792 399
6836 399
6876 399
6920 399
6960 399
7004 399
7044 399
7088 399
7132 399
7172 399
7216 399
7256 399
7300 399
7340 399
7384 399
7424 399
7468 399
7516 399
7560 399
7600 399
7644 399
7684 399
7728 399
7772 399
7812 399
7856 399
7896 399
7940 399
7980 399
8024 399
8068 399
8108 399
8152 399
8192 399
8236 399
8276 399
8320 399
8360 399
8404 399
8448 399
8488 399
8536 399
8580 399
8620 399
8664 399
8708 399
8748 399
8792 399
8832 399
8876 399
8916 399
8960 399
9004 399
9044 399
9088 399
9128 399
9172 399
9212 399
9256 399
9296 399
9340 399
9384 399
9424 399
9468 399
9508 399
9556 399
9600 399
9644 399
9684 399
9728 399
9768 399
9812 399
9852 399
9896 399
9936 399
9980 399
10024 399
10064 399
10108 399
10148 399
10192 399
10232 399
10276 399
10320 399
10360 399
10404 399
10444 399
10488 399
10528 399
10572 399
10620 399
10664 399
10704 399
10748 399
10788 399
10832 399
10872 399
40 159
84 56
124 96
168 252
212 448
252 608
296 668
336 624
380 480
420 327
464 224
508 199
548 255
592 384
632 480
676 543
716 543
764 480
808 391
852 319
892 286
936 304
976 353
1020 415
1060 480
1104 496
1148 480
1188 423
1232 384
1272 352
1316 334
1356 353
1400 391
1440 432
1484 448
1528 448
1568 432
1612 399
1652 384
1696 384
1736 384
1784 385
1828 412
1872 432
1912 448
1956 419
1996 408
2040 387
2080 384
2124 384
2164 385
2208 399
2252 414
2292 415
2336 415
2376 412
2420 399
2460 391
2504 385
2548 387
2588 391
2632 399
2672 412
2716 414
2756 412
2804 399
2848 396
2892 391
2932 391
2976 396
3016 399
3060 403
3100 399
3144 408
3188 399
3228 399
3272 391
3312 391
3356 396
3396 399
3440 399
3484 399
3524 401
3568 399
3608 399
3652 399
3692 398
3736 399
3776 399
3828 399
3868 399
3912 399
3952 399
3996 399
4036 399
4080 399
4124 399
4164 399
4208 399
4248 399
4292 399
4332 399
4376 399
4420 399
4460 399
4504 399
4544 399
4588 399
4628 399
4672 399
4712 399
4756 399
4800 399
4848 399
4888 399
4932 399
4972 399
5016 399
5060 399
5100 399
5144 399
5184 399
5228 399
5268 399
5312 399
5356 399
5396 399
5440 399
5480 399
5524 399
5564 399
5608 399
5648 399
5692 399
5736 399
5776 399
5820 399
5868 399
5908 399
5952 399
5996 399
6036 399
6080 399
6120 399
6164 399
6204 399
6248 399
6292 399
6332 399
6376 399
6416 399
6460 399
6500 399
6544 399
6584 399
6628 399
6672 399
6712 399
6756 399
6796 399
6840 399
6888 399
6932 399
6972 399
7016 399
7056 399
7100 399
7140 399
7184 399
7228 399
7268 399
7312 399
7352 399
7396 399
7436 399
7480 399
7520 399
7564 399
7608 399
7648 399
7692 399
7732 399
7776 399
7816 399
7860 399
7908 399
7952 399
7992 399
8036 399
8076 399
8120 399
8164 399
8204 399
8248 399
8288 399
8332 399
8372 399
8416 399
8456 399
8500 399
8544 399
8584 399
8628 399
8668 399
8712 399
8752 399
8796 399
8840 399
8880 401
8928 399
8972 399
9012 399
9056 399
9100 399
9140 399
9184 399
9224 399
9268 399
9308 399
9352 399
9392 399
9436 399
9480 399
9520 399
9564 399
9604 399
9648 399
9688 399
9732 399
9776 399
9816 399
9860 399
9900 399
9948 399
9992 399
10036 399
10076 399
10120 399
10160 399
10204 399
10244 399
10288 399
10328 399
10372 399
10416 399
10456 399
10500 399
10540 399
10584 399
10624 399
10668 399
10712 399
10752 399
10796 399
10836 399
10880 399
48 112
96 60
140 159
180 352
224 536
268 639
308 647
352 560
392 403
436 271
476 199
520 224
560 312
604 423
648 515
688 560
732 526
772 448
816 384
856 304
900 287
944 319
984 384
1028 448
1068 481
1116 481
1160 448
1204 399
1244 352
1288 334
1328 352
1372 384
1412 415
1456 448
1496 451
1540 448
1584 415
1624 384
1668 384
1708 384
1752 384
1792 391
1836 415
1880 448
1920 448
1964 415
2004 399
2048 384
2088 384
2136 384
2180 391
2224 408
2264 415
2308 415
2348 415
2392 408
2432 391
2476 385
2520 387
2560 391
2604 399
2644 408
2688 414
2728 414
2772 408
2816 399
2856 391
2900 391
2940 391
2984 399
3024 399
3068 408
3108 408
3160 408
3200 399
3244 399
3284 398
3328 398
3368 399
3412 399
3456 399
3496 403
3540 403
3580 399
3624 399
3664 399
3708 399
3752 399
3792 399
3836 399
3876 399
3920 399
3960 399
4004 399
4044 399
4088 399
4132 399
4180 399
4220 399
4264 399
4304 399
4348 399
4392 396
4432 399
4476 399
4516 399
4560 399
4600 399
4644 399
4688 399
4728 399
4772 399
4812 399
4856 399
4896 399
4940 399
4980 399
5024 399
5068 399
5108 399
5152 399
5200 399
5240 399
5284 399
5328 399
5368 399
5412 399
5452 399
5496 399
5536 399
5580 399
5624 399
5664 399
5708 399
5748 399
5792 399
5832 399
5876 399
5916 399
5960 399
6004 399
6044 399
6088 399
6128 399
6172 399
6220 399
6264 399
6304 399
6348 399
6388 399
6432 399
6472 399
6516 399
6560 399
6600 399
6644 399
6684 399
6728 399
6768 399
6812 399
6852 399
6896 399
6940 399
6980 403
7024 399
7064 399
7108 399
7148 399
7192 399
7240 399
7284 399
7324 399
7368 399
7408 399
7452 399
7496 399
7536 399
7580 399
7620 399
7664 399
7704 399
7748 399
7788 399
7832 399
7876 399
7916 399
7960 399
8000 399
8044 399
8084 399
8128 399
8172 399
8212 399
8260 399
8304 399
8344 399
8388 399
8432 399
8472 399
8516 399
8556 399
8600 399
8640 399
8684 399
8724 399
8768 399
8812 399
8852 399
8896 399
8936 399
8980 399
9020 399
9064 399
9108 399
9148 399
9192 399
9232 399
9276 399
9324 399
9368 399
9408 399
9452 399
9492 399
9536 399
9576 399
9620 399
9660 399
9704 399
9748 399
9788 399
9832 399
9872 399
9916 399
9956 399
10000 399
10044 399
10084 399
10128 399
10168 399
10212 399
10252 399
10296 399
10340 399
10384 399
10428 399
10468 399
10512 399
10552 399
10596 399
10636 399
10680 399
10724 399
10764 399
10808 399
10848 399
10892 399
