20 255
64 112
108 28
148 31
192 124
232 263
276 448
324 608
364 704
408 711
452 654
492 540
536 391
576 255
620 159
660 127
704 158
744 248
788 368
832 480
872 575
916 636
956 632
1000 574
1040 480
1084 384
1128 271
1168 224
1212 199
1252 240
1296 312
1344 408
1384 496
1428 551
1472 575
1512 560
1556 504
1596 423
1640 352
1680 287
1724 255
1768 255
1808 291
1852 352
1892 419
1936 480
1976 515
2020 526
2060 508
2104 455
2148 399
2188 352
2232 312
2272 287
2316 304
2356 352
2408 384
2448 448
2492 480
2532 496
2576 496
2616 480
2660 432
2704 384
2744 352
2788 319
2828 319
2872 335
2912 384
2956 399
2996 448
3040 455
3084 480
3124 462
3168 448
3208 414
3252 384
3292 368
3336 352
3380 352
3428 384
3468 384
3512 414
3552 448
3596 448
3640 448
3680 448
3724 419
3764 399
3808 384
3848 384
3892 368
3932 384
3976 384
4020 391
4060 415
4104 432
4144 448
4188 448
4228 432
4272 415
4316 391
4356 384
4400 384
4444 384
4488 384
4532 387
4572 399
4616 415
4656 432
4700 448
4740 432
4784 415
4824 408
4868 391
4912 384
4952 384
4996 384
5036 384
5080 391
5120 408
5164 415
5208 415
5248 419
5292 415
5332 414
5376 399
5416 391
5464 387
5508 384
5552 385
5592 391
5636 399
5676 412
5720 415
5760 415
5804 415
5844 414
5888 412
5932 399
5972 391
6016 391
6056 387
6100 391
6140 398
6184 399
6228 408
6268 414
6312 415
6352 414
6396 412
6436 403
6484 399
6528 391
6572 391
6612 391
6656 396
6696 399
6740 403
6780 412
6824 412
6868 414
6908 412
6952 408
6992 399
7036 399
7076 398
7120 391
7160 396
7204 399
7248 399
7288 408
7332 408
7372 412
7416 412
7456 408
7508 408
7548 399
7592 399
7632 399
7676 398
7716 399
7760 399
7804 399
7844 408
7888 408
7928 408
7972 408
8012 408
8056 399
8096 399
8140 399
8184 399
8224 399
8268 399
8308 399
8352 399
8392 408
8436 408
8480 408
8528 408
8568 403
8612 399
8652 399
8696 399
8740 399
8780 399
8824 399
8864 399
8908 403
8948 408
8992 408
9032 408
9076 399
9120 401
9160 399
9204 399
9244 399
9288 399
9328 399
9372 399
9416 399
9456 399
9500 399
9548 401
9588 399
9632 399
9676 399
9716 399
9760 399
9800 399
9844 399
9884 399
9928 399
9968 399
10012 399
10056 399
10096 399
10140 399
10180 399
10224 399
10264 399
10308 399
10352 399
10392 399
10436 399
10476 399
10520 399
10568 399
10612 399
10652 399
10696 399
10736 399
10780 399
10820 399
10864 399
28 240
72 78
112 3
156 28
204 156
248 318
288 496
332 638
372 711
416 716
456 639
500 513
540 384
584 240
628 142
668 120
712 158
752 254
796 384
836 504
880 608
924 639
964 632
1008 568
1048 455
1092 352
1132 255
1176 199
1224 195
1268 252
1308 327
1352 419
1392 510
1436 568
1476 575
1520 551
1564 496
1604 414
1648 334
1688 271
1732 252
1772 255
1816 304
1860 384
1900 448
1944 496
1984 527
2028 527
2068 508
2112 451
2152 391
2196 352
2244 304
2288 287
2328 312
2372 352
2412 398
2456 448
2500 480
2540 504
2584 496
2624 463
2668 419
2708 384
2752 352
2796 319
2836 319
2880 352
2920 384
2964 412
3004 448
3048 480
3088 480
3132 463
3176 448
3216 412
3264 384
3308 352
3348 352
3392 352
3436 384
3476 387
3520 415
3560 448
3604 449
3644 449
3688 448
3732 415
3772 391
3816 384
3856 384
3900 368
3940 384
3984 384
4024 399
4068 415
4112 448
4152 448
4196 448
4236 432
4284 408
4328 387
4372 384
4412 384
4456 384
4496 384
4540 387
4580 408
4624 415
4668 432
4708 432
4752 423
4792 415
4836 399
4876 390
4920 384
4960 384
5004 384
5048 385
5088 398
5132 412
5172 415
5216 419
5256 419
5308 415
5348 412
5392 399
5432 390
5476 384
5516 384
5560 387
5604 391
5644 399
5688 414
5728 415
5772 415
5812 415
5856 415
5896 408
5940 399
5984 391
6024 391
6068 391
6108 396
6152 399
6192 412
6236 415
6280 415
6328 415
6368 415
6412 414
6452 408
6496 399
6540 398
6580 396
6624 398
6664 399
6708 403
6748 412
6792 414
6832 415
6876 415
6920 414
6960 412
7004 403
7044 399
7088 398
7128 399
7172 399
7216 399
7256 408
7300 412
7340 414
7388 414
7432 414
7476 412
7516 408
7560 399
7600 399
7644 399
7684 399
7728 399
7768 403
7812 408
7856 412
7896 412
7940 414
7980 412
8024 408
8064 408
8108 399
8152 399
8192 399
8236 399
8276 401
8320 408
8360 408
8412 412
8452 412
8496 412
8536 408
8580 408
8620 403
8664 399
8704 399
8748 399
8792 399
8832 399
8876 399
8916 408
8960 408
9000 408
9044 408
9088 408
9128 401
9172 399
9212 399
9256 399
9296 399
9340 399
9380 399
9428 403
9472 403
9516 408
9556 408
9600 403
9640 399
9684 399
9724 399
9768 399
9808 399
9852 399
9896 399
9936 399
9980 408
10020 399
10064 408
10104 408
10148 403
10192 399
10232 399
10276 399
10316 399
10360 399
10400 399
10448 399
10492 399
10536 403
10576 408
10620 408
10660 401
10704 403
10744 403
10788 399
10832 399
10872 399
40 192
88 35
128 3
172 63
216 199
256 384
300 543
340 671
384 736
424 704
468 624
512 480
552 319
596 199
636 127
680 126
720 192
764 287
804 415
848 536
892 624
932 639
976 624
1016 540
1060 448
1108 312
1152 240
1192 193
1236 224
1276 271
1320 368
1360 451
1404 527
1448 575
1488 575
1532 542
1572 480
1616 387
1656 319
1700 255
1740 254
1784 271
1828 319
1868 387
1912 455
1952 511
1996 536
2036 527
2080 496
2128 448
2172 384
2212 319
2256 295
2296 295
2340 319
2384 384
2424 415
2468 462
2508 496
2552 508
2592 496
2636 451
2676 414
2720 384
2764 352
2804 319
2848 327
2888 352
2932 384
2972 415
3016 449
3060 480
3100 480
3148 451
3192 432
3232 391
3276 384
3320 352
3360 352
3404 352
3444 384
3488 399
3528 432
3572 448
3612 455
3656 449
3700 448
3740 415
3784 391
3824 384
3868 384
3908 384
3952 384
3996 384
4036 408
4080 423
4120 448
4168 448
4212 448
4256 419
4296 408
4340 387
4380 384
4424 384
4464 384
4508 384
4548 396
4592 414
4636 423
4676 448
4720 448
4760 432
4804 415
4844 399
4888 387
4932 384
4972 384
5016 384
5056 390
5100 399
5140 414
5188 419
5232 423
5276 419
5316 415
5360 408
5400 399
5444 391
5484 385
5528 385
5572 387
5612 398
5656 408
5696 415
5740 415
5780 415
5824 415
5868 415
5908 399
5952 399
5992 391
6036 390
6076 387
6120 391
6160 399
6212 408
6252 414
6296 415
6336 415
6380 415
6420 412
6464 399
6508 398
6548 391
6592 391
6632 391
6676 398
6716 399
6760 408
6804 412
6844 414
6888 414
6928 412
6972 408
7012 399
7056 399
7096 398
7140 396
7184 398
7224 399
7272 408
7316 408
7356 414
7400 414
7444 412
7484 412
7528 408
7568 399
7612 399
7652 399
7696 399
7740 399
7780 399
7824 408
7864 412
7908 412
7948 414
7992 412
8032 412
8076 408
8120 399
8160 399
8204 399
8244 399
8292 399
8336 403
8380 412
8420 412
8464 412
8504 412
8548 412
8588 408
8632 408
8676 399
8716 399
8760 399
8800 399
8844 403
8884 408
8928 408
8968 408
9012 412
9056 412
9096 408
9140 408
9180 399
9224 399
9264 399
9312 399
9356 399
9400 401
9440 401
9484 408
9524 408
9568 408
9608 408
9652 403
9696 399
9736 399
9780 399
9820 399
9864 399
9904 399
9948 399
9988 399
10032 399
10076 401
10116 399
10160 399
10200 399
10244 399
10284 399
10332 399
10376 399
10420 399
10460 399
10504 399
10544 399
10588 399
10628 399
10672 399
10716 399
10756 399
10800 399
10840 399
10884 399
48 143
92 31
136 12
176 78
220 224
260 384
304 547
344 671
388 736
432 704
472 608
516 455
556 316
600 192
640 127
684 127
728 192
768 304
812 432
852 542
896 624
936 639
984 608
1028 511
1072 399
1112 304
1156 224
1196 193
1240 224
1280 280
1324 384
1368 455
1408 536
1452 575
1492 574
1536 529
1576 463
1620 384
1664 316
1704 255
1748 255
1788 271
1832 327
1872 391
1916 460
1956 511
2008 536
2048 519
2092 480
2132 423
2176 384
2216 319
2260 295
2304 304
2344 319
2388 384
2428 415
2472 463
2512 496
2556 504
2600 481
2640 448
2684 412
2724 384
2768 335
2808 319
2852 327
2892 352
2936 385
2980 423
3028 455
3068 480
3112 480
3152 451
3196 432
3240 391
3280 384
3324 352
3364 352
3408 352
3448 384
3492 399
3536 432
3576 448
3620 455
3660 451
3704 448
3744 415
3788 387
3828 384
3872 384
3916 384
3956 384
4000 384
4048 412
4088 432
4132 448
4176 448
4216 448
4260 415
4300 399
4344 384
4384 384
4428 384
4472 384
4512 384
4556 391
4596 412
4640 415
4680 432
4724 432
4764 419
4808 412
4852 398
4892 385
4936 384
4976 384
5020 384
5068 387
5112 399
5152 414
5196 415
5236 419
5280 415
5320 415
5364 403
5404 391
5448 387
5492 384
5532 384
5576 385
5616 391
5660 399
5700 412
5744 415
5788 415
5828 415
5872 412
5912 399
5956 391
5996 387
6040 385
6088 387
6132 391
6172 399
6216 403
6256 412
6300 414
6340 414
6384 412
6428 408
6468 398
6512 391
6552 391
6596 391
6636 391
6680 391
6724 399
6764 408
6808 412
6848 412
6892 412
6932 408
6976 403
7016 399
7060 398
7108 391
7152 391
7192 398
7236 399
7276 403
7320 408
7364 408
7404 412
7448 408
7488 408
7532 399
7572 399
7616 398
7660 398
7700 396
7744 399
7784 399
7828 408
7868 408
7912 408
7952 408
7996 408
8040 403
8080 399
8128 399
8172 399
8212 399
8256 399
8300 399
8340 399
8384 403
8424 408
8468 408
8508 408
8552 408
8596 403
8636 399
8680 399
8720 399
8764 399
8804 399
8848 399
8888 399
8932 399
8976 408
9016 408
9060 408
9100 399
9148 399
9192 399
9236 399
9276 399
9320 399
9360 399
9404 399
9444 403
9488 408
9532 408
9572 408
9616 408
9656 399
9700 399
9740 399
9784 399
9824 399
9868 399
9912 399
9952 399
9996 399
10036 403
10080 403
10120 403
10164 399
10212 399
10256 399
10296 399
10340 399
10380 399
10424 399
10468 399
10508 399
10552 399
10592 399
10636 399
10676 399
10720 399
10760 399
10804 399
10848 399
10888 399
