20 248
60 96
104 96
148 224
188 432
232 608
272 671
316 624
356 463
400 287
444 192
484 176
528 271
568 415
612 543
660 608
704 543
744 432
788 312
828 240
872 248
912 319
956 448
996 515
1040 543
1084 510
1124 419
1168 327
1208 284
1252 287
1292 352
1336 415
1380 496
1420 510
1464 480
1504 415
1548 352
1588 316
1632 319
1672 384
1724 422
1764 480
1808 480
1848 449
1892 399
1932 384
1976 352
2020 352
2060 384
2104 415
2144 448
2188 455
2228 448
2272 403
2316 384
2356 353
2400 368
2440 384
2484 414
2524 448
2568 448
2608 432
2652 403
2696 384
2744 384
2784 384
2828 387
2868 414
2912 432
2956 432
2996 415
3040 399
3080 384
3124 384
3164 384
3208 391
3252 412
3292 415
3336 419
3376 415
3420 399
3460 387
3504 384
3544 384
3588 391
3632 412
3672 415
3716 415
3760 412
3804 399
3848 391
3888 387
3932 391
3972 399
4016 408
4056 414
4100 414
4144 408
4184 399
4228 391
4268 391
4312 391
4352 399
4396 403
4436 412
4480 408
4524 408
4564 399
4608 396
4648 391
4692 391
4732 399
4780 403
4824 408
4868 408
4908 403
4952 399
4992 398
5036 391
5076 398
5120 399
5164 399
5204 408
5248 408
5288 399
5332 399
5372 399
5416 399
5456 399
5500 399
5544 399
5584 403
5628 408
5668 399
5712 399
5752 399
5804 399
5844 399
5888 399
5928 399
5972 399
6012 403
6056 399
6096 399
6140 399
6184 399
6224 399
6268 399
6308 399
6352 399
6392 399
6436 399
6480 399
6520 399
6564 399
6604 399
6648 399
6688 399
6732 399
6772 399
6824 399
6864 399
6908 399
6948 399
6992 399
7032 399
7076 399
7120 399
7160 399
7204 399
7244 399
7288 399
7328 399
7372 399
7416 399
7456 399
7500 399
7540 399
7584 399
7624 399
7668 399
7708 399
7752 399
7796 399
7844 399
7884 399
7928 399
7968 399
8012 399
8056 399
8096 399
8140 399
8180 399
8224 399
8264 399
8308 399
8352 399
8392 399
8436 399
8476 399
8520 399
8560 399
8604 399
8644 399
8688 399
8732 399
8772 399
8816 399
8864 399
8904 399
8948 399
8992 399
9032 399
9076 399
9116 399
9160 399
9200 399
9244 399
9288 399
9328 399
9372 399
9412 399
9456 399
9496 399
9540 399
9580 399
9624 399
9668 399
9708 399
9752 399
9792 399
9836 399
9884 399
9928 399
9968 399
10012 399
10052 399
10096 399
10136 399
10180 399
10224 399
10264 399
10308 399
10348 399
10392 399
10432 399
10476 399
10516 399
10560 399
10604 399
10644 399
10688 399
10728 399
10772 399
10812 399
10856 399
28 195
72 67
116 96
156 255
200 480
240 636
284 679
324 608
368 448
408 255
452 159
496 192
536 291
580 448
620 572
664 608
704 543
748 422
792 304
832 240
876 248
916 319
960 448
1000 527
1048 543
1092 496
1136 401
1176 319
1220 271
1260 287
1304 353
1344 448
1388 496
1428 508
1472 480
1516 399
1556 352
1600 316
1640 319
1684 384
1724 423
1768 480
1812 480
1852 448
1896 399
1936 368
1980 335
2020 352
2068 384
2112 419
2156 449
2196 451
2240 448
2280 399
2324 384
2364 352
2408 384
2452 385
2492 415
2536 448
2576 448
2620 423
2660 399
2704 384
2744 384
2788 384
2832 387
2872 414
2916 432
2956 448
3000 415
3040 399
3092 384
3132 384
3176 384
3216 391
3260 414
3300 415
3344 419
3388 414
3428 399
3472 385
3512 384
3556 385
3596 398
3640 408
3680 415
3724 415
3768 412
3808 399
3852 391
3892 387
3936 391
3976 399
4020 408
4064 414
4112 414
4152 408
4196 399
4236 391
4280 391
4324 391
4364 399
4408 408
4448 412
4492 412
4532 408
4576 399
4616 398
4660 391
4704 396
4744 399
4788 408
4828 408
4872 408
4912 403
4956 399
5000 398
5040 399
5084 398
5132 399
5172 408
5216 408
5260 408
5300 399
5344 399
5384 399
5428 398
5468 399
5512 399
5552 401
5596 403
5640 408
5680 399
5724 399
5764 399
5808 399
5848 399
5892 399
5936 399
5976 403
6020 401
6060 399
6104 399
6152 399
6192 399
6236 399
6280 399
6320 399
6364 399
6404 399
6448 399
6488 399
6532 399
6576 399
6616 399
6660 399
6700 399
6744 399
6784 399
6828 399
6868 399
6912 399
6956 399
6996 399
7040 399
7080 399
7124 399
7172 399
7216 399
7256 399
7300 399
7340 399
7384 399
7424 399
7468 408
7512 399
7552 399
7596 399
7636 399
7680 399
7720 399
7764 399
7804 399
7848 399
7892 399
7932 399
7976 399
8016 399
8060 399
8100 399
8144 399
8192 399
8236 399
8276 399
8320 399
8360 399
8404 399
8448 399
8488 399
8532 399
8572 399
8616 399
8656 399
8700 399
8740 399
8784 399
8828 399
8868 399
8912 399
8952 399
8996 399
9036 399
9080 399
9124 399
9164 399
9212 399
9256 399
9296 399
9340 399
9384 399
9424 399
9468 399
9508 399
9552 399
9592 399
9636 399
9676 399
9720 399
9764 399
9804 399
9848 399
9888 399
9932 399
9972 399
10016 399
10060 401
10100 399
10144 399
10184 399
10232 399
10276 399
10320 399
10360 399
10404 399
10444 399
10488 399
10528 399
10572 399
10612 399
10656 399
10700 399
10740 403
10784 399
10824 399
10868 399
40 152
80 63
124 127
168 318
208 519
252 655
292 670
340 527
384 352
424 207
468 159
512 224
552 384
596 510
636 608
680 583
720 504
764 384
804 255
848 225
892 271
932 384
976 480
1016 543
1060 540
1100 480
1144 384
1188 304
1228 280
1272 312
1312 384
1360 480
1404 508
1444 496
1488 448
1532 384
1572 319
1616 316
1656 352
1700 391
1740 448
1784 480
1828 480
1868 448
1912 384
1952 352
1996 335
2036 353
2080 391
2120 448
2164 455
2208 448
2248 423
2292 387
2332 384
2380 353
2424 384
2468 399
2508 432
2552 448
2592 448
2636 415
2676 387
2720 384
2764 384
2804 384
2848 399
2888 419
2932 448
2972 432
3016 414
3056 391
3100 384
3144 384
3184 384
3228 399
3268 415
3312 419
3352 415
3404 412
3444 391
3488 384
3528 384
3572 391
3612 401
3656 415
3700 415
3740 415
3784 408
3824 396
3868 387
3908 387
3952 391
3992 399
4036 412
4080 415
4120 414
4164 403
4204 399
4248 391
4288 391
4332 396
4376 399
4424 412
4464 414
4508 412
4548 401
4592 399
4636 396
4676 396
4720 399
4760 399
4804 408
4844 408
4888 408
4928 399
4972 399
5016 398
5056 399
5100 399
5140 399
5184 403
5224 408
5268 408
5312 399
5352 399
5396 399
5444 399
5484 399
5528 399
5572 403
5612 408
5656 403
5696 399
5740 399
5780 399
5824 399
5864 399
5908 399
5952 399
5992 403
6036 401
6076 399
6120 399
6160 399
6204 399
6248 399
6288 399
6332 399
6372 401
6416 399
6456 399
6508 399
6548 399
6592 399
6632 399
6676 399
6716 399
6760 399
6800 399
6844 399
6888 399
6928 399
6972 399
7012 399
7056 399
7096 399
7140 399
7184 399
7224 399
7268 399
7308 399
7352 399
7392 399
7436 399
7476 399
7528 399
7568 399
7612 399
7652 399
7696 399
7736 399
7780 399
7824 399
7864 399
7908 399
7948 399
7992 399
8032 399
8076 399
8120 399
8160 399
8204 399
8244 399
8288 399
8328 399
8372 399
8412 399
8456 399
8500 399
8544 399
8588 399
8632 399
8672 399
8716 399
8756 399
8800 399
8840 399
8884 399
8928 399
8968 399
9012 399
9052 399
9096 399
9136 399
9180 399
9220 399
9264 399
9308 399
9348 399
9392 399
9432 399
9476 399
9516 399
9568 399
9608 399
9652 399
9692 399
9736 399
9776 399
9820 399
9864 399
9904 399
9948 399
9988 399
10032 399
10072 399
10116 399
10156 399
10200 399
10244 399
10284 399
10328 399
10368 399
10412 399
10452 399
10496 399
10540 399
10588 399
10628 399
10672 399
10712 399
10756 399
10800 399
10840 399
10884 399
52 124
92 63
136 159
176 352
220 560
260 671
304 655
344 524
388 352
432 199
472 159
516 224
556 384
600 512
640 608
688 575
732 480
776 352
816 252
860 225
900 287
944 391
984 496
1028 543
1072 527
1112 454
1156 384
1196 287
1240 271
1280 318
1324 391
1364 480
1408 508
1452 496
1492 448
1536 384
1576 319
1620 316
1660 352
1712 399
1752 451
1796 480
1836 463
1880 422
1920 384
1964 352
2004 352
2048 384
2092 399
2132 448
2176 455
2216 448
2260 415
2300 384
2344 384
2388 353
2428 384
2472 399
2512 432
2556 448
2596 448
2640 415
2680 385
2732 384
2772 384
2816 384
2856 401
2900 423
2940 432
2984 423
3028 408
3068 387
3112 384
3152 384
3196 387
3236 399
3280 415
3324 419
3364 415
3408 408
3448 391
3492 384
3532 384
3576 391
3616 399
3660 414
3704 415
3752 414
3792 399
3836 391
3876 387
3920 387
3964 391
4004 399
4048 414
4088 414
4132 412
4172 399
4216 398
4260 391
4300 391
4344 398
4384 399
4428 408
4468 412
4512 408
4552 399
4596 398
4640 391
4680 391
4724 399
4772 399
4812 408
4856 408
4900 403
4940 399
4984 399
5024 396
5068 398
5108 399
5152 399
5196 408
5236 408
5280 408
5320 399
5364 399
5404 399
5448 398
5488 399
5532 399
5576 399
5616 408
5660 399
5700 399
5744 399
5792 399
5836 399
5876 399
5920 399
5960 399
6004 399
6044 399
6088 399
6132 399
6172 399
6216 399
6256 399
6300 399
6340 399
6384 399
6424 399
6468 399
6512 399
6552 399
6596 399
6636 399
6680 399
6720 399
6764 399
6812 399
6856 399
6896 399
6940 399
6980 399
7024 399
7068 399
7108 399
7152 399
7192 399
7236 399
7276 399
7320 399
7360 399
7404 399
7448 399
7488 399
7532 399
7572 399
7616 399
7656 399
7700 399
7744 399
7784 399
7832 399
7876 399
7916 399
7960 399
8004 399
8044 399
8088 399
8128 399
8172 399
8212 399
8256 399
8296 399
8340 399
8384 399
8424 399
8468 399
8508 399
8552 399
8592 399
8636 399
8680 399
8720 399
8764 399
8804 399
8848 399
8896 399
8940 399
8980 399
9024 399
9064 399
9108 399
9148 399
9192 399
9232 399
9276 399
9320 399
9360 399
9404 399
9444 399
9488 399
9528 399
9572 399
9616 399
9656 399
9700 399
9740 399
9784 399
9824 399
9868 399
9912 399
9956 399
10000 399
10040 399
10084 399
10124 399
10168 399
10208 399
10252 399
10296 399
10336 399
10380 399
10420 399
10464 399
10504 399
10548 399
10588 399
10632 399
10676 399
10716 399
10760 399
10800 399
10844 399
10884 399
