20 271
60 112
104 17
144 17
188 112
228 254
272 423
316 575
356 688
400 711
440 668
484 560
532 391
572 255
616 159
660 126
700 156
744 240
784 353
828 480
868 575
912 636
952 632
996 572
1040 480
1080 384
1124 271
1164 224
1208 199
1248 248
1292 316
1336 399
1376 496
1420 543
1460 575
1504 560
1552 504
1592 419
1636 352
1680 287
1720 255
1764 263
1804 312
1848 384
1888 448
1932 496
1976 519
2016 527
2060 508
2100 455
2144 399
2184 352
2228 316
2268 304
2312 316
2356 352
2396 390
2440 448
2480 480
2524 496
2572 496
2616 463
2656 423
2700 384
2740 352
2784 327
2824 327
2868 352
2912 384
2952 412
2996 448
3036 462
3080 480
3120 455
3164 448
3204 412
3248 384
3292 368
3332 352
3376 352
3416 384
3460 387
3500 415
3544 448
3592 448
3636 448
3676 448
3720 415
3760 391
3804 384
3848 384
3888 368
3932 384
3972 384
4016 399
4056 415
4100 448
4140 448
4184 448
4228 419
4268 408
4312 391
4352 384
4396 384
4436 384
4480 384
4524 387
4564 399
4612 415
4656 423
4696 432
4740 415
4784 414
4824 399
4868 387
4908 384
4952 384
4992 384
5036 387
5076 398
5120 412
5164 415
5204 415
5248 415
5288 415
5332 408
5372 398
5416 387
5460 384
5500 384
5544 385
5584 391
5632 399
5676 412
5720 414
5760 415
5804 412
5844 408
5888 399
5928 391
5972 391
6012 387
6056 391
6100 391
6140 399
6184 401
6224 412
6268 414
6308 414
6352 412
6396 408
6436 399
6480 399
6520 391
6564 391
6604 391
6652 399
6696 399
6740 408
6780 412
6824 412
6864 412
6908 408
6948 403
6992 399
7036 398
7076 398
7120 398
7160 398
7204 399
7244 399
7288 408
7332 408
7372 408
7416 408
7456 408
7500 399
7540 399
7584 399
7624 399
7668 399
7716 399
7760 399
7800 408
7844 408
7884 408
7928 408
7972 408
8012 403
8056 399
8096 399
8140 399
8180 399
8224 399
8268 399
8308 399
8352 401
8392 408
8436 408
8476 408
8520 399
8560 399
8604 399
8648 399
8688 399
8736 399
8780 399
8820 399
8864 403
8908 403
8948 408
8992 403
9032 403
9076 399
9116 399
9160 399
9204 399
9244 399
9288 399
9328 399
9372 401
9412 399
9456 408
9496 408
9540 408
9584 401
9624 399
9668 399
9708 399
9756 399
9800 399
9844 399
9884 399
9928 399
9968 399
10012 403
10052 401
10096 403
10140 399
10180 399
10224 399
10264 399
10308 399
10348 399
10392 399
10432 399
10476 399
10520 399
10560 399
10604 403
10644 399
10688 399
10728 399
10780 399
10820 399
10864 399
32 224
72 63
116 0
156 15
200 126
240 287
284 463
328 632
372 707
416 716
456 639
500 515
540 384
584 240
624 135
668 120
708 152
752 252
796 384
836 504
880 608
920 639
964 632
1004 568
1048 455
1092 352
1132 255
1176 199
1216 199
1260 248
1300 319
1348 432
1392 511
1436 568
1476 575
1520 543
1560 496
1604 412
1644 327
1688 280
1728 254
1772 255
1816 312
1856 384
1900 448
1940 504
1984 527
2024 527
2068 504
2112 448
2152 387
2196 352
2236 312
2280 291
2320 316
2368 352
2412 399
2456 449
2496 481
2540 504
2580 496
2624 455
2664 415
2708 384
2752 352
2792 319
2836 319
2876 352
2920 384
2960 415
3004 448
3044 480
3088 480
3132 455
3172 448
3216 399
3256 384
3300 352
3340 352
3392 352
3432 384
3476 398
3516 423
3560 448
3600 451
3644 448
3688 448
3728 415
3772 391
3812 384
3856 384
3896 384
3940 384
3980 384
4024 408
4068 423
4108 448
4152 448
4192 448
4236 419
4276 408
4320 390
4364 384
4412 384
4452 384
4496 384
4536 396
4580 412
4624 419
4664 432
4708 432
4748 419
4792 414
4832 399
4876 387
4916 384
4960 384
5004 384
5044 387
5088 399
5128 412
5172 415
5212 419
5256 415
5300 415
5340 408
5384 396
5432 387
5472 384
5516 384
5560 387
5600 396
5644 403
5684 414
5728 415
5768 415
5812 414
5852 412
5896 399
5940 391
5980 387
6024 387
6064 387
6108 391
6148 399
6192 408
6236 412
6276 414
6320 414
6360 412
6404 403
6452 399
6496 391
6536 391
6580 391
6620 391
6664 399
6704 399
6748 408
6788 412
6832 412
6876 412
6916 408
6960 399
7000 399
7044 398
7084 391
7128 398
7172 399
7212 399
7256 408
7296 412
7340 412
7380 412
7424 412
7472 408
7516 403
7556 399
7600 399
7640 399
7684 399
7724 408
7768 408
7812 412
7852 414
7896 414
7936 414
7980 412
8020 408
8064 408
8104 399
8148 399
8192 399
8232 399
8276 408
8316 408
8360 408
8400 412
8444 412
8492 412
8536 408
8576 408
8620 403
8660 399
8704 399
8748 399
8788 401
8832 408
8872 408
8916 412
8956 412
9000 412
9040 408
9084 408
9128 408
9168 401
9212 399
9252 408
9296 399
9336 408
9380 408
9424 408
9464 408
9512 408
9556 408
9596 408
9640 403
9684 408
9724 403
9768 403
9808 403
9852 408
9892 408
9936 408
9976 408
10020 408
10064 408
10104 408
10148 408
10188 403
10232 399
10272 401
10316 399
10360 399
10400 399
10444 408
10484 403
10528 403
10576 403
10620 399
10660 399
10704 403
10744 399
10788 399
10828 399
10872 401
40 159
88 24
132 0
176 60
216 192
260 384
300 540
344 668
384 736
428 704
468 608
512 455
556 316
596 192
640 124
680 124
724 192
764 291
808 419
852 542
892 624
936 639
976 608
1020 519
1060 415
1108 295
1152 224
1196 193
1236 224
1280 284
1320 384
1364 463
1404 540
1448 575
1492 574
1532 527
1576 455
1616 384
1660 316
1700 255
1744 255
1788 284
1828 335
1872 399
1912 480
1956 512
1996 536
2040 519
2080 481
2132 415
2172 384
2216 319
2256 304
2300 304
2340 332
2384 384
2428 432
2468 480
2512 504
2552 504
2596 480
2636 448
2680 399
2724 384
2764 335
2808 319
2848 335
2892 384
2932 391
2976 448
3016 455
3060 480
3104 480
3152 448
3192 415
3236 387
3276 384
3320 352
3364 352
3404 384
3448 384
3488 412
3532 448
3572 448
3616 454
3660 448
3700 448
3744 412
3784 385
3828 384
3868 384
3912 384
3952 384
3996 391
4040 415
4080 448
4124 448
4172 448
4212 448
4256 415
4300 399
4340 384
4384 384
4424 384
4468 384
4508 387
4552 399
4596 415
4636 432
4680 448
4720 432
4764 415
4804 412
4848 398
4888 385
4932 384
4976 384
5016 385
5060 396
5100 408
5144 415
5192 419
5236 419
5276 415
5320 414
5360 403
5404 391
5444 387
5488 385
5532 391
5572 391
5616 399
5656 412
5700 415
5740 415
5784 415
5824 415
5868 408
5912 399
5952 391
5996 391
6036 391
6080 391
6120 399
6164 399
6212 412
6256 415
6296 415
6340 415
6380 412
6424 403
6468 399
6508 396
6552 391
6592 391
6636 398
6676 399
6720 408
6760 412
6804 414
6848 414
6888 412
6932 408
6972 399
7016 399
7056 399
7100 398
7144 398
7184 399
7232 399
7276 408
7316 412
7360 412
7404 412
7444 408
7488 401
7528 399
7572 399
7612 399
7656 399
7696 399
7740 399
7784 399
7824 408
7868 408
7908 408
7952 408
7992 408
8036 399
8080 399
8120 399
8164 399
8204 399
8252 399
8296 399
8340 408
8380 408
8424 408
8464 408
8508 408
8548 401
8592 399
8632 399
8676 399
8720 399
8760 399
8804 399
8844 408
8888 408
8928 412
8972 408
9016 408
9056 408
9100 403
9140 399
9184 399
9224 399
9272 399
9316 403
9360 408
9400 408
9444 408
9484 408
9528 408
9568 408
9612 408
9656 403
9696 403
9740 403
9780 399
9824 408
9864 403
9908 408
9952 408
9992 408
10036 408
10076 408
10120 408
10160 408
10204 408
10244 403
10288 403
10336 401
10380 408
10420 408
10464 408
10504 408
10548 408
10592 408
10632 408
10676 408
10716 403
10760 399
10800 399
10844 399
10888 399
52 143
92 31
136 7
176 71
220 207
260 384
304 543
344 664
388 711
432 704
472 591
516 451
556 316
600 193
640 127
684 127
728 193
768 304
812 448
860 551
900 624
944 636
988 583
1028 504
1072 396
1112 304
1156 224
1196 199
1240 224
1280 287
1324 384
1368 462
1408 529
1452 572
1492 568
1536 519
1576 451
1620 384
1664 316
1704 255
1748 255
1788 287
1832 352
1880 414
1920 480
1964 512
2008 527
2048 511
2092 480
2132 415
2176 384
2216 319
2260 304
2300 312
2344 332
2388 384
2428 423
2472 480
2512 496
2556 496
2596 480
2640 448
2684 399
2724 384
2768 335
2808 319
2852 335
2896 384
2940 399
2984 448
3024 455
3068 480
3108 480
3152 448
3192 415
3236 387
3280 384
3320 352
3364 352
3404 384
3448 384
3488 412
3532 448
3572 448
3616 449
3660 448
3700 448
3744 412
3784 387
3828 384
3868 384
3916 384
3960 384
4004 398
4044 415
4088 448
4128 448
4172 448
4212 448
4256 415
4300 399
4340 385
4384 384
4424 384
4468 384
4508 387
4552 399
4592 415
4636 432
4680 448
4720 432
4764 419
4804 412
4848 398
4888 387
4940 384
4980 384
5024 387
5064 398
5108 408
5148 415
5192 419
5232 419
5276 415
5320 414
5360 399
5404 391
5444 387
5488 385
5528 387
5572 391
5616 399
5656 408
5700 415
5740 415
5784 415
5824 414
5868 408
5908 399
5960 391
6000 387
6044 387
6084 387
6128 391
6168 399
6212 408
6256 412
6296 412
6340 412
6380 408
6424 399
6464 396
6508 391
6552 391
6592 391
6636 391
6676 399
6720 399
6760 408
6804 408
6844 412
6888 408
6932 403
6980 399
7020 398
7064 391
7104 391
7148 391
7192 398
7232 399
7276 399
7316 408
7360 408
7400 408
7444 403
7488 399
7528 399
7572 398
7612 396
7656 391
7696 398
7740 399
7780 396
7824 399
7868 408
7908 403
7952 408
8000 399
8040 399
8084 399
8128 398
8168 398
8212 398
8252 399
8296 399
8336 399
8380 399
8424 408
8464 408
8508 403
8548 399
8592 399
8632 399
8676 399
8716 399
8760 399
8804 399
8844 399
8888 408
8928 403
8972 403
9020 399
9064 399
9104 399
9148 399
9188 399
9232 399
9272 399
9316 399
9360 399
9400 399
9444 399
9484 403
9528 408
9568 401
9612 399
9652 399
9696 399
9740 399
9780 399
9824 399
9864 399
9908 399
9948 399
9992 399
10040 403
10084 403
10124 399
10168 399
10208 399
10252 399
10296 399
10336 399
10380 399
10420 399
10464 399
10504 399
10548 399
10588 399
10632 408
10676 399
10716 399
10760 399
10800 399
10844 399
10884 399
