20 271
64 120
104 31
148 31
188 126
232 271
272 448
316 608
356 704
400 736
444 671
484 568
528 415
568 271
616 159
660 124
700 143
744 240
788 353
828 481
872 583
912 639
956 639
996 575
1040 496
1084 384
1124 271
1168 206
1208 192
1252 224
1292 295
1336 391
1376 496
1420 560
1464 590
1504 575
1548 524
1588 448
1636 352
1680 284
1724 252
1764 252
1808 287
1848 352
1892 423
1932 496
1976 536
2016 543
2060 519
2104 480
2144 412
2188 352
2228 304
2272 284
2312 287
2356 319
2400 384
2440 448
2484 480
2524 508
2568 510
2608 496
2656 448
2700 387
2744 352
2784 319
2828 316
2868 319
2912 368
2952 399
2996 448
3040 480
3080 480
3124 480
3164 451
3208 415
3248 384
3292 352
3336 335
3376 335
3420 352
3460 384
3504 408
3544 448
3588 455
3628 463
3680 451
3720 448
3764 403
3804 384
3848 368
3888 352
3932 353
3976 384
4016 391
4060 415
4100 448
4144 448
4184 448
4228 448
4272 419
4312 399
4356 384
4396 384
4440 384
4480 384
4524 384
4564 399
4608 415
4652 448
4700 448
4740 448
4784 423
4824 412
4868 391
4912 384
4952 384
4996 384
5036 384
5080 391
5120 408
5164 415
5208 432
5248 448
5292 432
5332 415
5376 403
5416 391
5460 384
5500 384
5544 384
5588 385
5628 398
5672 412
5720 415
5760 423
5804 419
5848 415
5888 414
5932 399
5972 391
6016 384
6056 384
6100 387
6144 391
6184 399
6228 414
6268 415
6312 415
6352 415
6396 415
6436 408
6480 399
6524 391
6564 391
6608 391
6648 391
6692 399
6740 408
6784 414
6824 415
6868 415
6908 415
6952 412
6992 401
7036 399
7080 391
7120 391
7164 391
7204 399
7248 399
7288 412
7332 414
7372 415
7416 415
7460 414
7500 412
7544 403
7584 399
7628 399
7668 399
7712 399
7756 399
7804 408
7844 412
7888 414
7928 414
7972 414
8016 412
8056 408
8100 399
8140 399
8184 399
8224 399
8268 399
8308 399
8352 408
8396 412
8436 412
8480 412
8520 412
8564 408
8604 401
8648 399
8692 399
8732 399
8776 399
8824 399
8864 399
8908 408
8952 408
8992 408
9036 408
9076 408
9120 399
9160 399
9204 399
9244 399
9288 399
9332 399
9372 399
9416 399
9456 399
9500 403
9540 399
9584 399
9628 399
9668 399
9712 399
9752 399
9796 399
9840 398
9884 399
9928 399
9968 399
10012 399
10052 399
10096 399
10136 399
10180 399
10224 399
10264 399
10308 399
10348 391
10392 399
10432 399
10476 399
10516 399
10560 399
10604 399
10644 399
10688 399
10728 399
10772 399
10812 399
10860 399
32 240
72 96
116 15
160 35
200 135
244 295
284 480
328 624
368 707
412 736
452 664
496 543
540 391
580 254
624 143
668 120
712 143
752 240
796 384
836 496
880 608
920 639
964 639
1004 575
1048 480
1092 384
1132 255
1176 195
1216 192
1260 224
1300 304
1344 399
1388 496
1428 568
1472 591
1512 575
1556 518
1596 448
1644 352
1688 271
1732 248
1772 252
1816 287
1856 353
1900 448
1940 504
1984 540
2028 543
2068 519
2112 480
2152 401
2196 352
2236 295
2280 280
2320 287
2364 327
2408 384
2448 448
2492 481
2532 511
2576 511
2616 496
2664 448
2708 384
2752 352
2792 318
2836 312
2876 327
2920 384
2960 401
3004 448
3048 480
3088 496
3132 480
3172 451
3216 415
3256 384
3300 352
3340 334
3384 335
3428 352
3468 384
3512 414
3552 448
3596 455
3636 480
3688 451
3728 448
3772 399
3812 384
3856 353
3896 352
3940 352
3980 384
4024 391
4068 415
4108 448
4152 448
4192 448
4236 448
4276 415
4320 391
4364 384
4404 384
4448 368
4488 384
4532 384
4572 398
4616 415
4656 448
4708 448
4748 448
4792 419
4832 408
4876 387
4916 384
4960 384
5004 384
5044 384
5088 387
5128 403
5172 415
5212 432
5256 432
5300 423
5340 415
5384 399
5424 387
5468 384
5508 384
5552 384
5592 384
5636 398
5680 408
5728 415
5768 419
5812 419
5852 415
5896 412
5940 398
5980 387
6024 384
6064 384
6108 384
6148 391
6192 399
6236 412
6276 415
6320 415
6360 415
6404 414
6444 399
6488 398
6528 387
6572 385
6616 384
6656 387
6700 396
6748 399
6788 412
6832 415
6876 414
6916 414
6960 412
7000 399
7044 398
7084 391
7128 391
7172 391
7212 391
7256 399
7296 408
7340 412
7380 414
7424 414
7464 412
7508 408
7552 399
7592 398
7636 391
7676 391
7720 396
7768 399
7812 399
7852 408
7896 412
7936 412
7980 412
8020 408
8064 403
8108 399
8148 399
8192 396
8232 398
8276 399
8316 399
8360 401
8400 408
8444 412
8488 412
8528 412
8572 408
8612 399
8656 399
8696 399
8740 398
8788 399
8832 399
8872 399
8916 408
8956 408
9000 408
9044 408
9084 408
9128 401
9168 399
9212 399
9252 399
9296 399
9336 399
9380 399
9424 399
9464 408
9508 403
9548 408
9592 408
9632 403
9676 399
9720 399
9760 399
9808 399
9852 399
9892 399
9936 399
9980 399
10020 403
10064 408
10104 408
10148 408
10188 403
10232 401
10272 399
10316 399
10360 399
10400 399
10444 399
10484 399
10528 399
10568 403
10612 408
10656 408
10696 403
10740 403
10780 399
10824 399
10872 399
40 192
84 48
124 0
168 48
208 163
252 352
292 515
336 655
380 736
420 736
464 639
504 508
548 352
596 192
640 120
680 112
724 159
764 271
808 412
848 540
892 632
936 655
976 632
1020 543
1060 448
1104 318
1144 224
1188 192
1228 192
1272 240
1316 327
1356 448
1400 524
1440 583
1484 608
1524 568
1568 496
1616 387
1660 312
1700 254
1744 240
1784 254
1828 312
1872 384
1912 455
1956 513
1996 543
2040 543
2080 508
2124 448
2164 384
2208 319
2252 284
2292 271
2336 295
2376 352
2420 399
2460 455
2504 504
2548 512
2588 508
2636 480
2680 415
2720 384
2764 319
2808 312
2848 312
2892 332
2932 384
2976 415
3016 455
3060 480
3100 496
3144 480
3188 448
3228 399
3272 384
3312 352
3356 327
3396 335
3440 368
3484 387
3524 419
3568 448
3608 480
3656 463
3700 448
3744 415
3784 387
3828 384
3868 352
3912 352
3952 368
3996 384
4036 399
4080 432
4124 448
4164 449
4208 448
4248 448
4292 414
4332 387
4376 384
4420 384
4460 384
4504 384
4544 385
4588 412
4628 423
4676 448
4720 448
4764 448
4804 415
4848 399
4888 384
4932 384
4972 384
5016 384
5060 384
5100 391
5144 414
5184 423
5228 448
5268 448
5312 423
5356 414
5396 399
5440 385
5480 384
5524 384
5564 384
5608 387
5648 399
5700 415
5740 419
5784 423
5824 419
5868 415
5908 408
5952 391
5996 385
6036 384
6080 384
6120 385
6164 391
6204 399
6248 414
6292 415
6332 415
6376 415
6416 412
6460 399
6500 391
6544 387
6584 385
6628 385
6672 391
6720 399
6760 408
6804 414
6844 415
6888 415
6932 414
6972 408
7016 399
7056 391
7100 387
7140 387
7184 390
7228 391
7268 399
7312 408
7352 412
7396 414
7436 414
7480 408
7520 399
7564 399
7608 391
7648 391
7692 391
7732 391
7780 399
7824 399
7868 408
7908 414
7952 412
7992 412
8036 408
8076 403
8120 399
8164 396
8204 396
8248 396
8288 399
8332 399
8372 408
8416 408
8456 412
8500 412
8544 412
8584 408
8628 399
8668 399
8712 399
8752 399
8804 399
8844 399
8888 408
8928 412
8972 412
9012 414
9056 412
9100 412
9140 408
9184 408
9224 399
9268 399
9308 399
9352 399
9392 399
9436 408
9480 412
9520 412
9564 412
9604 412
9648 412
9688 408
9732 403
9776 399
9820 399
9864 399
9908 399
9948 408
9992 408
10032 408
10076 412
10116 412
10160 412
10200 408
10244 408
10288 399
10328 399
10372 399
10412 399
10456 399
10496 403
10540 408
10584 408
10624 412
10668 408
10708 408
10752 408
10792 408
10840 399
10884 399
48 152
92 31
132 7
176 71
216 207
260 384
304 547
344 671
388 736
428 705
472 608
512 480
556 318
604 192
648 112
688 120
732 192
772 312
816 448
856 560
900 638
944 652
984 609
1028 519
1068 412
1112 295
1152 224
1196 192
1236 193
1280 255
1324 352
1364 451
1408 540
1448 583
1492 588
1532 543
1576 480
1624 384
1668 291
1708 248
1752 240
1792 255
1836 319
1876 391
1920 480
1964 519
2004 543
2048 536
2088 496
2132 448
2172 384
2216 312
2260 280
2300 273
2344 312
2384 352
2428 414
2468 463
2512 504
2552 512
2596 504
2644 451
2688 399
2728 353
2772 319
2812 312
2856 318
2900 352
2940 384
2984 432
3024 463
3068 481
3108 483
3152 480
3196 448
3236 391
3280 384
3320 352
3364 327
3404 352
3448 384
3488 399
3532 448
3576 455
3616 480
3664 463
3708 448
3748 415
3792 387
3836 384
3876 352
3920 352
3960 384
4004 384
4044 414
4088 448
4132 448
4172 451
4216 448
4256 448
4300 412
4340 385
4384 384
4424 384
4468 384
4512 384
4552 391
4596 415
4636 448
4684 448
4728 448
4772 448
4812 415
4856 399
4896 384
4940 384
4980 384
5024 384
5068 387
5108 399
5152 415
5192 432
5236 448
5276 448
5320 423
5360 414
5404 399
5448 387
5488 384
5532 384
5572 385
5616 391
5656 408
5708 415
5748 423
5792 432
5832 423
5876 415
5916 408
5960 396
6004 387
6044 384
6088 385
6128 391
6172 399
6212 408
6256 415
6296 415
6340 415
6384 415
6424 412
6468 399
6508 396
6552 391
6592 387
6636 391
6680 396
6728 399
6768 412
6812 415
6852 415
6896 415
6940 414
6980 408
7024 399
7064 391
7108 391
7148 391
7192 391
7232 399
7276 403
7320 412
7360 414
7404 414
7444 414
7488 412
7528 408
7572 399
7616 391
7656 391
7700 391
7740 399
7788 399
7832 408
7876 412
7916 414
7960 414
8000 412
8044 408
8084 408
8128 399
8168 399
8212 398
8256 399
8296 399
8340 399
8380 408
8424 412
8464 412
8508 412
8552 408
8592 408
8636 399
8676 399
8720 396
8760 399
8812 399
8852 399
8896 399
8936 408
8980 408
9020 408
9064 408
9104 408
9148 399
9192 399
9232 399
9276 399
9316 399
9360 399
9400 399
9444 399
9488 408
9528 408
9572 408
9612 408
9656 408
9696 408
9740 399
9780 399
9828 399
9872 399
9916 399
9956 399
10000 401
10040 408
10084 408
10124 408
10168 408
10208 408
10252 399
10296 399
10336 399
10380 399
10420 399
10464 399
10504 399
10548 399
10592 408
10632 408
10676 408
10716 408
10760 408
10800 408
10848 399
10892 399
