24 384
64 304
108 248
148 192
192 156
232 126
276 112
316 112
360 112
404 127
444 159
492 224
536 255
576 316
620 384
664 432
704 480
748 527
788 575
832 608
872 636
916 639
956 639
1000 638
1044 624
1084 583
1128 547
1168 508
1212 455
1252 408
1296 368
1340 312
1380 255
1424 225
1464 195
1512 176
1556 159
1600 159
1640 176
1684 192
1724 224
1768 252
1808 287
1852 327
1892 384
1936 419
1980 463
2020 508
2064 540
2104 568
2148 583
2188 608
2232 608
2276 588
2316 575
2360 547
2400 519
2444 496
2484 448
2528 399
2576 384
2620 319
2660 287
2704 255
2744 240
2788 224
2828 224
2872 224
2916 224
2956 240
3000 254
3040 275
3084 312
3124 352
3168 384
3212 415
3252 448
3296 480
3336 510
3380 527
3420 543
3464 560
3504 568
3548 560
3592 543
3636 527
3680 510
3720 480
3764 451
3804 423
3848 391
3888 384
3932 335
3976 316
4016 287
4060 271
4100 255
4144 255
4184 255
4228 271
4268 287
4312 312
4356 326
4396 352
4440 384
4480 408
4524 448
4564 455
4612 481
4656 504
4700 513
4740 519
4784 526
4824 524
4868 515
4908 510
4952 496
4996 480
5036 448
5080 423
5120 399
5164 384
5204 352
5248 334
5288 319
5332 312
5376 304
5416 287
5460 291
5500 304
5544 312
5584 319
5636 352
5676 384
5720 384
5760 399
5804 423
5844 448
5888 460
5928 480
5972 496
6016 496
6056 504
6100 504
6140 496
6184 481
6224 480
6268 455
6312 448
6352 419
6396 399
6436 384
6480 384
6520 352
6564 352
6604 327
6656 319
6696 319
6740 319
6780 319
6824 327
6864 352
6908 353
6952 384
6992 384
7036 399
7076 415
7120 448
7160 448
7204 455
7248 480
7288 480
7332 480
7372 480
7416 480
7456 463
7500 451
7540 448
7584 448
7628 415
7676 399
7716 385
7760 384
7800 368
7844 352
7888 352
7928 334
7972 327
8012 327
8056 327
8096 335
8140 352
8184 352
8224 384
8268 384
8308 387
8352 399
8392 415
8436 423
8476 448
8520 448
8564 448
8604 448
8648 448
8696 448
8736 448
8780 448
8824 432
8864 415
8908 408
8948 391
8992 384
9032 384
9076 384
9120 368
9160 352
9204 352
9244 352
9288 352
9328 352
9372 352
9412 368
9456 384
9500 384
9540 384
9584 391
9624 399
9668 414
9716 419
9760 448
9800 448
9844 448
9884 448
9928 448
9968 448
10012 448
10056 448
10096 432
10140 415
10180 414
10224 408
10264 398
10308 387
10348 384
10392 384
10436 384
10476 384
10520 384
10560 384
10604 384
10644 384
10688 387
10736 396
10780 408
10820 415
10864 419
32 319
72 248
116 192
156 120
200 71
240 39
284 28
328 28
368 48
412 71
452 124
496 192
536 248
580 316
624 385
668 480
712 540
756 608
796 647
840 704
880 718
924 736
964 736
1008 711
1048 704
1092 639
1136 608
1176 542
1220 480
1260 415
1304 352
1344 287
1388 240
1432 192
1472 152
1516 126
1556 112
1600 112
1640 124
1688 152
1732 192
1776 240
1816 284
1860 352
1900 391
1944 448
1984 508
2028 551
2072 608
2112 632
2156 639
2196 664
2240 664
2280 647
2324 632
2368 608
2408 568
2452 512
2492 480
2536 415
2576 384
2620 318
2660 271
2712 240
2752 199
2796 192
2836 192
2880 176
2920 192
2964 199
3008 240
3048 255
3092 304
3132 352
3176 387
3216 448
3260 480
3304 512
3344 543
3388 572
3428 583
3472 608
3512 608
3556 583
3596 574
3640 543
3684 515
3732 480
3772 448
3816 398
3856 384
3900 319
3944 287
3984 255
4028 240
4068 224
4112 224
4152 224
4196 224
4240 240
4280 255
4324 286
4364 318
4408 352
4448 384
4492 415
4532 448
4576 480
4620 508
4660 527
4704 543
4752 547
4792 547
4836 543
4880 527
4920 512
4964 496
5004 462
5048 448
5088 399
5132 384
5176 352
5216 319
5260 304
5300 284
5344 263
5384 255
5428 255
5468 268
5512 284
5556 295
5596 319
5640 352
5680 384
5724 396
5772 448
5816 455
5856 480
5900 508
5940 515
5984 527
6024 540
6068 542
6112 536
6152 527
6196 512
6236 504
6280 480
6320 451
6364 448
6404 408
6448 384
6492 384
6532 352
6576 334
6616 319
6660 318
6700 318
6744 319
6792 319
6836 352
6876 352
6920 384
6960 385
7004 412
7048 432
7088 448
7132 480
7172 480
7216 496
7256 504
7300 508
7340 510
7384 508
7428 504
7468 496
7512 480
7552 455
7596 448
7636 423
7680 408
7724 387
7764 384
7812 368
7856 352
7896 352
7940 335
7984 334
8024 352
8068 352
8108 352
8152 384
8192 384
8236 391
8276 412
8320 423
8364 448
8404 451
8448 480
8488 480
8532 480
8572 496
8616 496
8660 480
8700 480
8744 480
8784 455
8832 448
8876 432
8920 414
8960 391
9004 384
9044 384
9088 353
9128 352
9172 352
9212 335
9256 335
9300 335
9340 352
9384 352
9424 384
9468 384
9508 384
9552 399
9596 414
9636 432
9680 448
9720 448
9764 455
9804 480
9852 480
9896 480
9940 480
9980 463
10024 455
10064 448
10108 448
10148 423
10192 414
10236 399
10276 385
10320 384
10360 384
10404 368
10444 352
10488 352
10532 352
10572 352
10616 352
10656 368
10700 384
10740 384
10784 385
10824 399
10868 414
40 287
80 224
124 143
164 96
208 35
248 7
292 0
336 0
376 24
420 62
460 120
504 192
544 248
588 319
632 399
672 480
716 543
760 624
804 671
848 711
888 768
932 768
972 768
1016 768
1056 704
1100 664
1140 608
1184 543
1228 481
1268 415
1312 352
1352 287
1396 240
1436 192
1480 147
1524 126
1564 120
1608 120
1648 127
1692 159
1732 195
1780 254
1824 312
1868 384
1908 423
1952 481
1992 542
2036 583
2076 632
2120 655
2164 688
2204 704
2248 704
2288 671
2332 639
2372 609
2416 574
2456 519
2500 480
2544 415
2584 384
2628 318
2668 270
2712 240
2752 199
2804 192
2844 192
2888 192
2928 192
2972 224
3012 248
3056 280
3100 319
3140 384
3184 414
3224 462
3268 508
3308 543
3352 575
3392 608
3436 624
3480 632
3520 632
3564 624
3604 608
3648 575
3688 542
3732 508
3776 463
3824 415
3864 384
3908 334
3948 304
3992 268
4036 248
4076 240
4120 224
4160 224
4204 240
4244 248
4288 255
4328 287
4372 319
4416 368
4456 391
4500 448
4540 480
4584 504
4624 524
4668 543
4712 568
4752 572
4796 572
4844 568
4884 543
4928 527
4972 508
5012 480
5056 448
5096 414
5140 384
5180 352
5224 319
5264 304
5308 284
5352 263
5392 255
5436 255
5476 255
5520 280
5560 287
5604 318
5648 352
5688 384
5732 391
5772 419
5816 448
5864 480
5908 504
5948 512
5992 526
6032 527
6076 536
6116 527
6160 518
6200 508
6244 496
6288 463
6328 448
6372 415
6412 387
6456 384
6496 352
6540 319
6584 316
6624 304
6668 287
6708 287
6752 291
6792 312
6836 318
6884 335
6928 352
6968 384
7012 396
7052 415
7096 448
7136 455
7180 480
7224 496
7264 504
7308 508
7348 508
7392 504
7432 496
7476 481
7520 480
7560 449
7604 448
7644 415
7688 391
7728 384
7772 368
7812 352
7856 332
7904 319
7948 319
7988 319
8032 319
8072 327
8116 352
8160 352
8200 384
8244 384
8284 399
8328 415
8368 448
8412 448
8456 462
8496 480
8540 480
8580 496
8624 496
8664 496
8708 480
8748 480
8792 480
8836 449
8876 448
8924 415
8968 408
9008 391
9052 384
9096 384
9136 368
9180 352
9220 352
9264 352
9304 352
9348 352
9392 384
9432 384
9476 384
9516 391
9560 408
9600 415
9644 448
9684 448
9728 454
9772 480
9812 480
9856 480
9896 480
9944 480
9988 480
10032 462
10072 449
10116 448
10156 448
10200 415
10240 408
10284 391
10328 384
10368 384
10412 384
10452 384
10496 368
10536 353
10580 353
10620 368
10664 384
10708 384
10748 384
10792 385
10832 396
10876 408
48 318
92 254
132 195
176 156
216 124
260 97
300 96
344 96
384 120
428 143
472 192
512 248
556 291
596 353
640 415
680 480
724 527
768 575
808 624
852 647
896 671
940 679
984 671
1024 655
1068 636
1108 608
1152 551
1192 504
1236 448
1276 391
1320 352
1364 295
1404 254
1448 224
1488 192
1532 176
1572 159
1616 167
1660 192
1700 199
1744 240
1784 271
1828 318
1868 384
1916 415
1960 463
2004 508
2044 543
2088 575
2128 608
2172 624
2212 624
2256 624
2296 608
2340 582
2384 560
2424 519
2468 481
2508 448
2552 399
2592 384
2636 319
2680 287
2720 255
2764 240
2804 224
2848 224
2888 224
2936 240
2980 252
3024 271
3064 312
3108 352
3148 384
3192 412
3232 448
3276 480
3320 511
3360 540
3404 560
3444 572
3488 574
3528 574
3572 568
3612 543
3656 526
3700 504
3740 480
3784 448
3824 412
3868 384
3908 352
3960 319
4000 295
4044 284
4084 271
4128 263
4168 271
4212 280
4256 287
4296 316
4340 335
4380 384
4424 387
4464 415
4508 448
4548 480
4592 504
4636 513
4676 527
4720 540
4760 543
4804 543
4844 536
4888 519
4932 510
4980 481
5020 460
5064 448
5104 412
5148 384
5192 384
5232 352
5276 319
5316 316
5360 312
5400 304
5444 304
5484 312
5528 319
5572 332
5612 352
5656 384
5696 387
5740 414
5780 448
5824 451
5868 480
5908 496
5952 504
6000 508
6040 508
6084 508
6128 504
6168 496
6212 480
6252 455
6296 448
6336 415
6380 391
6420 384
6464 353
6508 352
6548 319
6592 316
6632 312
6676 304
6716 304
6760 312
6804 316
6844 319
6888 335
6928 352
6972 384
7020 384
7064 399
7104 415
7148 448
7188 448
7232 451
7272 460
7316 463
7356 463
7400 460
7444 451
7484 448
7528 448
7568 419
7612 412
7652 391
7696 384
7740 384
7780 352
7824 352
7864 334
7908 327
7948 319
7992 319
8040 327
8084 335
8124 352
8168 352
8208 384
8252 384
8292 387
8336 399
8380 415
8420 432
8464 448
8504 448
8548 448
8588 448
8632 449
8676 448
8716 448
8760 448
8800 432
8844 415
8884 408
8928 391
8968 384
9012 384
9060 384
9104 352
9144 352
9188 352
9228 352
9272 352
9316 352
9356 352
9400 368
9440 384
9484 384
9524 387
9568 399
9612 414
9652 423
9696 448
9736 448
9780 448
9820 451
9864 451
9904 455
9948 451
9992 448
10032 448
10080 448
10124 419
10164 414
10208 399
10252 391
10292 384
10336 384
10376 384
10420 384
10460 368
10504 353
10548 353
10588 368
10632 384
10672 384
10716 384
10756 384
10800 391
10840 399
10884 414
