20 240
60 62
104 28
144 127
188 352
228 568
272 711
312 768
356 639
400 460
440 255
484 120
524 96
568 192
608 352
652 536
696 668
736 704
784 587
828 422
868 255
912 152
952 142
996 240
1040 384
1080 536
1124 636
1164 639
1208 560
1248 415
1292 284
1332 192
1376 192
1420 255
1460 384
1504 512
1544 608
1588 608
1628 536
1672 415
1716 304
1756 224
1804 224
1848 291
1888 403
1932 510
1972 572
2016 568
2060 504
2100 398
2144 304
2184 252
2228 254
2268 316
2312 399
2356 496
2396 543
2440 540
2480 480
2524 399
2564 319
2608 271
2648 271
2692 319
2736 399
2776 480
2824 519
2868 511
2908 455
2952 385
2996 319
3036 287
3080 304
3120 352
3164 415
3204 480
3248 508
3292 496
3332 448
3376 387
3416 335
3460 312
3500 318
3544 368
3584 414
3628 460
3672 496
3712 480
3756 448
3796 391
3844 352
3888 319
3932 334
3972 384
4016 415
4056 455
4100 480
4140 463
4184 448
4228 387
4268 352
4312 335
4352 352
4396 384
4436 415
4480 448
4520 462
4564 451
4608 432
4648 387
4692 368
4732 352
4776 352
4816 384
4868 415
4908 448
4952 451
4992 448
5036 415
5076 385
5120 384
5164 353
5204 384
5248 385
5288 415
5332 448
5372 448
5416 448
5456 415
5500 387
5544 384
5584 384
5628 384
5668 387
5712 415
5752 448
5796 448
5840 448
5880 412
5928 387
5972 384
6012 384
6056 384
6100 391
6140 415
6184 432
6224 448
6268 423
6308 408
6352 387
6392 384
6436 384
6480 384
6520 391
6564 414
6604 423
6648 432
6688 415
6732 408
6776 391
6816 384
6860 384
6900 384
6948 399
6992 414
7036 419
7076 419
7120 415
7160 401
7204 391
7244 384
7288 384
7328 387
7372 399
7416 414
7456 415
7500 415
7540 415
7584 403
7624 391
7668 384
7712 384
7752 387
7796 399
7836 412
7880 415
7920 415
7968 412
8012 399
8056 391
8096 387
8140 387
8180 391
8224 399
8264 412
8308 415
8348 415
8392 412
8436 399
8476 391
8520 390
8560 391
8604 391
8644 399
8688 408
8732 414
8772 414
8816 412
8856 399
8900 396
8940 391
8988 391
9032 396
9076 399
9116 412
9160 412
9200 412
9244 408
9284 399
9328 391
9368 391
9412 391
9456 399
9496 399
9540 408
9580 412
9624 412
9664 408
9708 399
9752 396
9792 391
9836 391
9876 399
9920 399
9960 408
10008 412
10052 408
10096 399
10136 399
10180 398
10220 398
10264 399
10304 399
10348 399
10392 408
10432 408
10476 408
10516 399
10560 399
10600 398
10644 398
10684 398
10728 399
10772 399
10812 403
10856 408
32 192
72 31
116 31
156 176
200 387
248 636
292 768
332 736
376 583
416 384
460 192
504 96
544 112
588 240
628 415
672 608
712 704
756 671
800 560
840 384
884 224
924 127
968 152
1008 255
1052 415
1092 568
1136 639
1180 636
1220 527
1268 384
1312 240
1352 192
1396 199
1440 304
1480 448
1524 551
1564 608
1608 583
1648 496
1692 384
1732 255
1776 224
1820 240
1860 318
1904 448
1944 527
1988 575
2028 560
2072 480
2116 384
2156 286
2200 248
2240 255
2288 352
2332 448
2376 515
2416 543
2460 519
2500 451
2544 384
2584 295
2628 255
2668 287
2712 352
2756 448
2796 504
2840 526
2880 508
2924 448
2964 384
3008 316
3052 287
3092 312
3136 384
3176 432
3220 481
3260 508
3308 480
3352 432
3396 384
3436 319
3480 312
3520 327
3564 384
3604 448
3648 480
3692 496
3732 480
3776 423
3816 384
3860 332
3900 319
3944 352
3988 384
4028 432
4072 480
4112 480
4156 455
4196 415
4240 384
4280 352
4324 335
4372 352
4416 387
4456 448
4500 455
4540 462
4584 448
4628 414
4668 384
4712 352
4752 352
4796 384
4836 391
4880 423
4924 448
4964 451
5008 448
5048 412
5092 384
5132 368
5176 352
5216 384
5260 391
5304 419
5344 448
5392 448
5436 448
5476 408
5520 384
5564 384
5604 384
5648 384
5688 399
5732 419
5772 448
5816 448
5860 432
5900 408
5944 384
5984 384
6028 384
6068 384
6112 399
6152 415
6196 448
6240 448
6280 419
6324 403
6364 385
6412 384
6456 384
6500 385
6540 399
6584 415
6624 432
6668 432
6708 415
6752 399
6796 384
6836 384
6880 384
6920 387
6964 399
7004 415
7048 423
7088 419
7132 415
7176 399
7216 387
7260 384
7300 384
7344 391
7384 399
7436 415
7476 415
7520 415
7560 414
7604 399
7644 387
7688 384
7732 384
7772 391
7816 403
7856 415
7900 415
7940 415
7984 412
8024 399
8068 391
8112 387
8152 387
8196 391
8236 401
8280 414
8320 415
8364 415
8408 412
8456 399
8496 391
8540 391
8580 391
8624 399
8668 408
8708 414
8752 415
8792 414
8836 408
8876 399
8920 391
8960 391
9004 391
9048 399
9088 408
9132 412
9172 414
9216 412
9256 408
9300 399
9344 399
9384 391
9428 396
9476 399
9516 408
9560 412
9604 412
9644 408
9688 401
9728 399
9772 396
9812 396
9856 398
9896 399
9940 401
9984 408
10024 412
10068 408
10108 408
10152 399
10192 399
10236 396
10280 399
10320 399
10364 408
10404 408
10448 412
10496 408
10540 399
10580 399
10624 399
10664 399
10708 399
10748 399
10792 408
10832 408
10876 408
40 140
84 24
124 56
168 224
208 448
252 639
296 768
336 719
380 575
420 384
464 192
504 96
548 112
592 248
632 448
676 608
724 704
764 655
808 519
852 352
892 198
936 127
976 167
1020 287
1060 449
1104 583
1144 639
1188 624
1232 504
1272 353
1316 240
1356 192
1400 206
1440 312
1484 448
1528 560
1568 608
1612 575
1652 496
1696 384
1736 252
1788 224
1828 252
1872 352
1912 451
1956 543
1996 575
2040 543
2080 455
2124 352
2168 271
2208 248
2252 271
2292 352
2336 448
2376 519
2420 543
2464 519
2504 448
2548 384
2588 287
2632 263
2672 287
2716 368
2756 448
2808 510
2848 524
2892 496
2932 448
2976 368
3016 312
3060 287
3104 319
3144 384
3188 448
3228 496
3272 508
3312 480
3356 432
3400 384
3440 319
3484 312
3524 327
3568 384
3608 448
3652 480
3692 496
3736 480
3780 419
3824 384
3868 327
3912 319
3952 352
3996 387
4036 448
4080 480
4120 480
4164 449
4208 414
4248 384
4292 352
4332 335
4376 353
4416 391
4460 448
4500 455
4544 462
4588 448
4628 414
4672 384
4712 352
4756 352
4796 384
4848 399
4888 448
4932 448
4972 449
5016 448
5056 408
5100 384
5144 368
5184 368
5228 384
5268 399
5312 432
5352 448
5396 448
5436 448
5480 399
5524 384
5564 384
5608 384
5648 384
5692 399
5732 419
5776 448
5820 448
5868 419
5908 399
5952 384
5992 384
6036 384
6080 384
6120 403
6164 419
6204 448
6248 448
6288 415
6332 399
6372 384
6416 384
6460 384
6500 385
6544 399
6584 415
6628 432
6668 432
6712 415
6756 399
6796 385
6840 384
6888 384
6928 391
6972 408
7016 415
7056 423
7100 419
7140 414
7184 399
7224 387
7268 384
7308 384
7352 391
7396 408
7436 415
7480 415
7520 415
7564 412
7604 399
7648 391
7692 385
7732 385
7776 391
7816 401
7860 415
7908 415
7952 415
7992 412
8036 399
8076 391
8120 387
8160 390
8204 398
8244 408
8288 414
8332 415
8372 415
8416 408
8456 399
8500 391
8540 390
8584 391
8628 398
8668 408
8712 412
8752 415
8796 414
8836 408
8880 399
8928 391
8972 391
9012 391
9056 399
9096 403
9140 412
9180 414
9224 412
9268 408
9308 399
9352 391
9392 391
9436 391
9476 399
9520 403
9564 412
9604 412
9648 412
9688 401
9732 399
9772 396
9816 396
9856 396
9900 399
9948 408
9992 408
10032 412
10076 408
10116 399
10160 399
10204 398
10244 396
10288 399
10328 399
10372 408
10412 408
10456 408
10500 408
10540 399
10584 399
10624 398
10668 396
10708 399
10752 399
10792 399
10836 408
10880 408
52 112
92 15
140 97
184 287
224 515
268 704
312 768
352 675
396 504
436 291
480 127
520 79
564 145
608 316
648 504
692 639
732 704
776 638
816 496
860 316
900 192
944 127
988 192
1028 319
1072 481
1112 608
1160 639
1204 575
1248 448
1288 312
1332 199
1372 192
1416 240
1456 368
1500 496
1544 583
1584 608
1628 551
1668 448
1712 319
1752 240
1796 224
1836 255
1880 384
1924 480
1964 560
2008 575
2048 527
2092 448
2132 334
2176 255
2224 252
2268 295
2308 384
2352 480
2392 540
2436 543
2480 504
2520 415
2564 332
2604 280
2648 271
2688 316
2732 385
2772 480
2816 513
2860 519
2900 480
2944 415
2984 352
3028 304
3068 287
3112 327
3156 387
3196 451
3240 504
3284 504
3328 480
3368 408
3412 352
3452 316
3496 316
3536 352
3580 391
3620 448
3664 481
3708 496
3748 451
3792 408
3832 368
3876 319
3916 319
3960 352
4004 391
4044 448
4088 480
4128 480
4172 448
4212 408
4260 384
4304 335
4348 352
4388 384
4432 399
4472 448
4516 460
4556 455
4600 448
4644 399
4684 384
4728 352
4768 352
4812 384
4852 399
4896 448
4936 449
4980 448
5024 448
5064 399
5108 384
5148 353
5192 368
5232 384
5284 408
5324 448
5368 448
5408 448
5452 419
5492 391
5536 384
5580 384
5620 384
5664 384
5704 408
5748 432
5788 448
5832 448
5872 415
5916 398
5960 384
6000 384
6044 384
6084 384
6128 408
6168 419
6212 448
6256 432
6304 415
6344 391
6388 384
6428 384
6472 384
6516 391
6556 412
6600 415
6640 432
6684 423
6724 414
6768 391
6808 384
6852 384
6896 384
6936 391
6980 408
7020 415
7064 423
7104 415
7148 412
7192 398
7232 385
7276 384
7324 384
7364 398
7408 408
7452 415
7492 415
7536 415
7576 408
7620 396
7660 387
7704 384
7744 387
7788 396
7832 408
7872 415
7916 415
7956 415
8000 408
8040 398
8084 387
8128 385
8168 387
8212 398
8252 408
8296 414
8344 415
8388 414
8428 399
8472 396
8512 391
8556 387
8596 391
8640 399
8680 412
8724 414
8768 414
8808 412
8852 401
8892 398
8936 391
8976 391
9020 391
9064 399
9104 408
9148 414
9188 414
9232 412
9272 399
9316 399
9364 391
9408 391
9448 396
9492 399
9532 408
9576 412
9616 412
9660 408
9704 399
9744 399
9788 391
9828 391
9872 398
9912 399
9956 408
10000 408
10040 408
10084 408
10124 399
10168 399
10208 396
10252 391
10292 398
10336 399
10384 408
10428 408
10468 408
10512 403
10552 399
10596 399
10640 396
10680 396
10724 399
10764 399
10808 408
10848 408
10892 408
