20 316
64 192
108 96
148 48
192 35
232 96
276 166
316 284
360 408
400 529
444 638
488 707
528 768
572 736
612 671
656 590
696 480
748 352
788 252
832 163
872 120
916 112
956 135
1000 199
1040 287
1084 387
1128 496
1168 575
1212 639
1252 671
1296 670
1336 636
1380 572
1424 480
1464 387
1508 304
1548 240
1592 192
1632 159
1676 192
1716 224
1768 295
1808 384
1852 455
1892 527
1936 583
1976 624
2020 624
2064 591
2104 543
2148 480
2188 399
2232 332
2272 271
2316 240
2360 224
2400 224
2444 252
2484 304
2528 384
2568 432
2612 496
2652 540
2696 572
2740 575
2788 560
2828 519
2872 480
2912 414
2956 353
3000 312
3040 263
3084 254
3124 254
3168 271
3208 316
3252 384
3296 415
3336 480
3380 510
3420 536
3464 543
3504 536
3548 511
3588 480
3632 432
3676 384
3716 335
3760 304
3808 284
3848 284
3892 295
3936 319
3976 384
4020 408
4060 448
4104 480
4144 508
4188 515
4232 511
4272 496
4316 463
4356 432
4400 387
4440 352
4484 319
4524 312
4568 312
4612 316
4652 327
4696 384
4736 391
4780 432
4828 462
4872 480
4912 496
4956 496
4996 480
5040 455
5080 432
5124 398
5168 384
5208 352
5252 327
5292 319
5336 327
5376 352
5420 384
5460 391
5504 415
5548 448
5588 463
5632 480
5672 480
5716 480
5756 449
5800 448
5844 399
5892 384
5932 384
5976 352
6016 352
6060 352
6104 352
6144 384
6188 391
6228 415
6272 448
6312 449
6356 462
6396 463
6440 455
6484 448
6524 448
6568 414
6608 391
6652 384
6692 384
6736 352
6780 353
6820 384
6864 384
6912 391
6952 414
6996 432
7040 448
7080 449
7124 451
7164 448
7208 448
7248 432
7292 414
7332 396
7376 384
7420 384
7460 384
7504 384
7544 384
7588 384
7628 387
7672 408
7716 415
7756 448
7800 448
7840 448
7884 448
7928 448
7972 423
8016 414
8056 399
8100 385
8140 384
8184 384
8224 384
8268 384
8308 384
8352 387
8396 399
8436 414
8480 419
8520 432
8564 448
8604 448
8648 432
8692 415
8732 412
8776 399
8816 387
8860 384
8900 384
8948 384
8992 384
9036 384
9076 384
9120 391
9160 403
9204 414
9244 415
9288 419
9332 423
9372 415
9416 415
9456 408
9500 399
9540 391
9584 384
9624 384
9668 384
9712 384
9752 384
9796 387
9836 391
9880 399
9920 412
9972 415
10012 415
10056 415
10096 415
10140 415
10180 408
10224 399
10268 391
10308 387
10352 384
10392 384
10436 384
10476 385
10520 387
10560 391
10604 399
10648 408
10688 414
10732 415
10772 415
10816 415
10856 414
28 275
80 135
120 56
164 15
204 31
248 96
288 193
332 319
372 449
416 575
460 671
500 736
544 768
584 736
628 655
668 560
712 448
756 319
796 224
840 143
880 112
924 112
964 135
1008 224
1048 312
1100 432
1140 527
1184 608
1224 668
1268 688
1308 670
1352 624
1396 543
1436 448
1480 353
1520 270
1564 199
1604 163
1648 159
1688 192
1732 240
1776 316
1816 391
1860 480
1900 547
1944 608
1984 632
2028 632
2072 591
2120 527
2160 451
2204 384
2244 312
2288 254
2332 224
2372 207
2416 224
2456 255
2500 319
2540 385
2584 451
2624 512
2668 560
2712 575
2752 575
2796 560
2836 515
2880 460
2920 399
2964 352
3008 287
3048 255
3092 248
3140 254
3180 284
3224 319
3268 384
3308 448
3352 480
3392 519
3436 542
3476 543
3520 527
3560 504
3604 451
3648 399
3688 353
3732 316
3772 286
3816 271
3856 271
3900 287
3944 319
3984 384
4028 414
4068 451
4112 496
4160 511
4204 515
4244 508
4288 481
4328 448
4372 412
4412 384
4456 335
4496 316
4540 304
4584 304
4624 316
4668 335
4708 384
4752 399
4792 448
4836 480
4880 496
4920 496
4964 496
5004 480
5048 448
5088 415
5132 384
5172 352
5224 327
5264 319
5308 318
5348 319
5392 352
5432 384
5476 399
5520 432
5560 449
5604 480
5644 480
5688 480
5728 462
5772 448
5816 415
5856 391
5900 384
5940 352
5984 335
6024 327
6068 352
6108 352
6152 384
6196 398
6244 419
6284 448
6328 455
6368 463
6412 463
6456 455
6496 448
6540 419
6580 399
6624 384
6664 384
6708 352
6752 352
6792 352
6836 384
6876 384
6920 391
6960 414
7004 448
7044 448
7088 449
7132 449
7172 448
7216 448
7260 419
7304 399
7348 385
7388 384
7432 384
7472 368
7516 368
7556 384
7600 384
7644 391
7684 408
7728 419
7768 448
7812 448
7852 448
7896 448
7936 448
7980 419
8024 412
8064 391
8108 384
8148 384
8192 384
8232 384
8280 384
8324 384
8368 391
8408 408
8452 415
8492 432
8536 448
8576 448
8620 448
8664 448
8704 415
8748 412
8788 398
8832 385
8872 384
8916 384
8956 384
9000 384
9044 384
9084 387
9128 399
9168 414
9212 415
9252 432
9304 448
9344 448
9388 432
9428 415
9472 414
9512 399
9556 391
9596 384
9640 384
9684 384
9724 384
9768 384
9808 391
9852 399
9892 408
9936 415
9980 415
10020 423
10064 423
10104 419
10148 415
10188 414
10232 399
10272 396
10324 387
10364 384
10408 384
10448 384
10492 385
10532 391
10576 399
10620 403
10660 414
10704 415
10744 415
10788 415
10828 415
10872 414
40 240
80 112
124 28
168 0
208 7
252 96
292 192
336 319
376 463
424 608
468 704
512 768
552 768
596 736
636 639
680 536
720 412
764 287
808 192
848 112
892 71
932 96
976 127
1016 224
1060 319
1100 448
1144 542
1188 632
1228 679
1272 704
1312 671
1356 624
1396 542
1448 432
1488 327
1532 248
1572 192
1616 143
1656 143
1700 192
1740 248
1784 319
1828 415
1868 504
1912 574
1952 624
1996 639
2036 632
2080 583
2124 526
2164 448
2208 384
2248 287
2292 240
2332 199
2376 192
2416 224
2468 255
2508 327
2552 399
2592 480
2636 527
2676 575
2720 608
2764 583
2804 560
2848 511
2888 448
2932 384
2972 319
3016 271
3060 248
3100 240
3144 248
3184 280
3228 319
3268 384
3312 448
3352 496
3396 527
3440 560
3488 560
3528 529
3572 504
3612 448
3656 399
3700 352
3740 312
3784 275
3824 255
3868 271
3908 304
3952 334
3996 384
4036 432
4080 480
4120 508
4164 519
4204 527
4248 513
4288 496
4332 449
4376 412
4416 384
4460 327
4508 304
4548 287
4592 295
4636 316
4676 352
4720 384
4760 415
4804 449
4844 480
4888 504
4932 508
4972 504
5016 480
5056 448
5100 415
5140 384
5184 352
5224 323
5268 318
5312 318
5352 319
5396 352
5436 384
5480 399
5528 448
5572 455
5612 480
5656 480
5696 480
5740 463
5780 448
5824 415
5868 384
5908 384
5952 352
5992 327
6036 327
6076 335
6120 352
6160 384
6204 399
6248 419
6288 448
6332 455
6372 463
6416 463
6456 451
6500 448
6544 415
6592 391
6632 384
6676 368
6716 352
6760 352
6804 352
6844 384
6888 384
6928 391
6972 415
7012 448
7056 448
7096 449
7140 449
7184 448
7224 448
7268 415
7308 399
7352 384
7392 384
7436 384
7480 368
7520 368
7564 384
7612 384
7652 391
7696 414
7740 432
7780 448
7824 448
7864 448
7908 448
7948 448
7992 419
8032 408
8076 391
8120 384
8160 384
8204 384
8244 384
8288 384
8328 384
8372 398
8416 414
8456 423
8500 448
8540 448
8584 448
8628 448
8672 448
8716 419
8756 414
8800 399
8840 387
8884 384
8924 384
8968 384
9008 384
9052 385
9096 396
9136 408
9180 415
9220 432
9264 448
9304 448
9348 448
9392 432
9432 419
9476 414
9516 399
9560 391
9600 385
9648 384
9692 384
9736 384
9776 387
9820 396
9860 408
9904 415
9944 415
9988 432
10032 448
10072 432
10116 423
10156 415
10200 415
10240 403
10284 398
10324 391
10368 387
10412 384
10452 387
10496 391
10536 396
10580 399
10620 412
10672 415
10712 419
10756 423
10796 419
10840 415
10880 415
52 199
92 96
136 24
180 7
220 48
264 126
304 240
348 384
388 508
432 624
476 704
516 768
560 768
600 704
644 624
684 510
732 384
776 255
820 159
860 112
904 96
944 112
988 163
1028 255
1072 368
1112 480
1156 568
1200 638
1240 671
1284 688
1324 647
1368 585
1408 508
1452 408
1496 316
1536 240
1580 192
1620 152
1664 158
1704 193
1752 270
1796 352
1840 448
1880 515
1924 575
1964 624
2008 632
2048 608
2092 568
2136 504
2176 415
2220 352
2260 280
2304 225
2344 199
2388 199
2428 240
2472 280
2516 352
2556 414
2600 480
2640 536
2684 574
2724 583
2776 575
2816 542
2860 496
2900 448
2944 384
2984 316
3028 271
3072 252
3112 248
3156 255
3196 304
3240 352
3280 408
3324 460
3364 510
3408 542
3452 560
3492 550
3536 527
3576 496
3620 448
3660 391
3704 352
3748 312
3788 284
3836 271
3880 287
3920 318
3964 352
4008 398
4048 448
4092 480
4132 511
4176 524
4216 519
4260 510
4300 480
4344 448
4388 399
4428 384
4472 327
4512 312
4556 304
4596 312
4640 319
4684 352
4724 385
4768 423
4808 463
4856 496
4900 504
4944 508
4984 496
5028 480
5068 448
5112 408
5152 384
5196 352
5236 327
5280 319
5324 319
5364 335
5408 368
5448 384
5492 415
5532 448
5576 480
5620 480
5660 481
5704 480
5744 460
5788 448
5828 414
5876 384
5920 368
5964 352
6004 334
6048 335
6088 352
6132 384
6172 384
6216 408
6256 448
6300 448
6344 462
6384 480
6428 463
6468 451
6512 448
6552 415
6596 391
6640 384
6680 368
6724 352
6764 352
6808 352
6848 384
6896 384
6940 408
6984 419
7024 448
7068 448
7108 451
7152 451
7192 448
7236 448
7276 415
7320 396
7364 384
7404 384
7448 368
7488 368
7532 384
7572 384
7616 384
7660 399
7700 415
7744 432
7784 448
7828 448
7868 448
7916 448
7960 432
8004 415
8044 399
8088 385
8128 384
8172 384
8212 384
8256 384
8300 384
8340 384
8384 399
8424 412
8468 419
8508 448
8552 448
8592 448
8636 448
8680 432
8720 415
8764 403
8804 391
8848 384
8888 384
8940 384
8980 384
9024 384
9064 384
9108 396
9148 412
9192 415
9236 423
9276 448
9320 448
9360 448
9404 423
9444 415
9488 412
9528 398
9572 387
9616 384
9656 384
9700 384
9740 384
9784 385
9824 391
9868 399
9912 414
9960 415
10000 423
10044 432
10084 432
10128 419
10172 415
10212 412
10256 399
10296 391
10340 387
10380 384
10424 384
10464 387
10508 391
10552 398
10592 408
10636 414
10676 415
10720 419
10760 423
10804 423
10848 415
10888 415
