20 240
60 63
104 30
148 127
188 335
232 560
272 705
316 736
356 639
400 451
440 255
484 126
528 97
568 192
612 368
652 540
696 655
736 671
780 583
824 448
864 271
912 159
956 163
996 255
1040 399
1084 536
1124 624
1168 624
1208 527
1252 398
1292 271
1336 199
1376 224
1420 287
1464 408
1504 515
1548 575
1588 574
1632 504
1672 391
1716 291
1760 248
1800 252
1844 318
1884 414
1932 511
1976 543
2020 527
2060 463
2104 384
2144 304
2188 255
2228 287
2272 352
2312 432
2356 496
2400 519
2440 508
2484 448
2524 384
2568 318
2608 287
2652 316
2696 384
2736 432
2780 480
2820 504
2864 480
2904 448
2952 384
2996 319
3040 316
3080 335
3124 384
3164 448
3208 480
3248 480
3292 460
3336 415
3376 384
3420 352
3460 327
3504 352
3544 384
3588 432
3632 455
3672 480
3716 448
3756 415
3800 384
3840 352
3884 352
3924 384
3976 396
4016 448
4060 449
4100 451
4144 448
4184 401
4228 384
4272 368
4312 353
4356 384
4396 399
4440 432
4480 448
4524 448
4564 432
4608 399
4652 384
4692 384
4736 384
4776 384
4820 399
4860 419
4904 448
4948 448
4988 415
5036 398
5080 384
5120 384
5164 384
5208 385
5248 408
5292 419
5332 448
5376 432
5416 415
5460 398
5500 384
5544 384
5588 384
5628 390
5672 408
5712 415
5756 423
5796 419
5840 414
5884 399
5924 384
5968 384
6008 384
6056 391
6100 408
6144 415
6184 415
6228 415
6268 408
6312 396
6352 385
6396 384
6436 385
6480 396
6524 408
6564 415
6608 415
6648 415
6692 408
6732 396
6776 387
6820 385
6860 387
6904 399
6944 408
6988 415
7028 415
7076 414
7120 399
7164 391
7204 391
7248 390
7288 391
7332 399
7372 408
7416 414
7456 414
7500 412
7544 399
7584 398
7628 391
7668 391
7712 391
7752 399
7796 408
7840 412
7880 412
7924 408
7964 399
8008 398
8048 391
8096 391
8140 398
8184 399
8224 408
8268 412
8308 412
8352 408
8392 399
8436 396
8476 391
8520 391
8564 399
8604 399
8648 408
8688 408
8732 408
8772 401
8816 399
8860 399
8900 398
8944 398
8984 399
9028 399
9068 408
9116 408
9160 408
9204 399
9244 399
9288 399
9328 399
9372 399
9412 399
9456 399
9500 403
9540 408
9584 401
9624 399
9668 399
9708 399
9752 399
9792 399
9836 399
9880 399
9920 403
9964 408
10004 408
10048 399
10088 399
10140 399
10180 399
10224 399
10264 399
10308 403
10348 408
10392 408
10436 403
10476 399
10520 399
10560 399
10604 399
10644 399
10688 399
10728 408
10772 408
10816 408
10856 403
32 192
72 39
120 56
164 199
208 419
248 632
292 736
332 711
376 574
416 384
460 192
504 96
544 124
588 252
628 448
672 591
712 671
756 647
796 529
840 384
884 224
924 156
968 192
1008 287
1052 448
1092 568
1144 632
1184 588
1228 480
1268 352
1312 240
1352 195
1396 240
1436 327
1480 451
1524 543
1564 583
1608 547
1648 455
1692 352
1732 255
1776 240
1820 270
1860 352
1904 448
1944 524
1988 547
2028 515
2072 448
2112 352
2156 284
2204 263
2248 312
2288 384
2332 455
2372 511
2416 526
2460 496
2500 415
2544 352
2584 304
2628 287
2668 319
2712 384
2756 448
2796 496
2840 504
2880 480
2924 414
2964 368
3008 319
3048 316
3092 352
3136 387
3176 448
3224 480
3268 480
3308 448
3352 399
3396 353
3436 327
3480 334
3520 384
3564 399
3604 448
3648 480
3692 462
3732 448
3776 398
3816 384
3860 352
3900 352
3944 384
3984 408
4028 448
4072 451
4112 448
4156 432
4196 396
4244 384
4288 352
4332 384
4372 384
4416 414
4456 448
4500 448
4540 448
4584 415
4628 391
4668 384
4712 384
4752 384
4796 385
4836 414
4880 448
4920 448
4964 448
5008 415
5048 391
5092 384
5132 384
5176 384
5216 391
5268 414
5308 432
5352 432
5392 422
5436 412
5476 391
5520 384
5564 384
5604 384
5648 398
5688 414
5732 423
5772 432
5816 415
5856 408
5900 391
5944 384
5984 384
6028 385
6068 399
6112 414
6152 415
6196 415
6240 415
6288 401
6328 391
6372 384
6412 384
6456 391
6500 399
6540 414
6584 415
6624 415
6668 414
6708 399
6752 391
6792 387
6836 387
6880 391
6920 399
6964 412
7004 415
7048 415
7088 412
7132 399
7176 391
7216 391
7260 391
7308 398
7348 399
7392 412
7436 414
7476 414
7520 408
7560 399
7604 391
7644 391
7688 391
7728 399
7772 399
7816 412
7856 412
7900 412
7940 408
7984 399
8024 398
8068 396
8112 391
8152 399
8196 399
8236 408
8280 412
8328 408
8372 399
8412 399
8456 398
8496 398
8540 399
8580 399
8624 399
8664 408
8708 412
8752 408
8792 399
8836 399
8876 399
8920 398
8960 399
9004 399
9048 403
9088 408
9132 408
9172 403
9216 399
9256 399
9300 399
9348 399
9392 399
9432 399
9476 403
9516 408
9560 408
9600 408
9644 399
9688 399
9728 399
9772 399
9812 399
9856 399
9896 401
9940 408
9984 408
10024 403
10068 399
10108 399
10152 399
10192 399
10236 399
10276 399
10320 403
10368 408
10412 403
10452 401
10496 399
10536 399
10580 399
10624 399
10664 399
10708 399
10748 401
10792 408
10832 408
10876 401
40 135
84 31
124 63
168 224
212 448
252 639
296 736
336 704
380 551
428 319
472 159
512 96
556 152
596 291
640 480
680 624
724 671
764 632
808 496
852 327
892 199
936 156
976 199
1020 319
1060 480
1104 583
1148 632
1188 575
1232 480
1272 335
1316 240
1356 199
1400 248
1448 384
1492 480
1532 568
1576 575
1616 527
1660 448
1700 319
1744 254
1788 248
1828 287
1872 384
1912 480
1956 536
1996 543
2040 508
2084 415
2124 335
2168 280
2208 271
2252 318
2292 384
2336 463
2376 512
2420 515
2468 480
2512 399
2552 335
2596 304
2636 304
2680 352
2724 399
2764 462
2808 504
2848 496
2892 451
2932 398
2976 352
3020 318
3060 319
3104 353
3144 408
3188 451
3228 480
3272 480
3312 448
3356 391
3400 352
3440 327
3488 352
3532 384
3572 415
3616 448
3660 480
3700 455
3744 432
3784 387
3828 384
3868 352
3912 352
3956 384
3996 415
4040 448
4080 451
4124 448
4164 419
4208 387
4248 384
4292 352
4336 384
4376 384
4420 415
4460 448
4508 448
4552 448
4596 414
4636 385
4680 384
4720 384
4764 384
4804 391
4848 415
4892 448
4932 448
4976 432
5016 412
5060 385
5100 384
5144 384
5184 384
5228 398
5272 415
5312 432
5356 448
5396 419
5440 408
5480 387
5532 384
5572 384
5616 384
5656 399
5700 415
5740 423
5784 423
5828 415
5868 399
5912 387
5952 384
5996 384
6036 387
6080 401
6120 415
6164 415
6208 415
6248 415
6292 399
6332 391
6376 384
6416 385
6460 391
6504 399
6552 415
6592 415
6636 415
6676 412
6720 399
6764 391
6804 387
6848 387
6888 396
6932 403
6972 414
7016 415
7056 414
7100 412
7144 399
7184 391
7228 391
7268 391
7312 398
7352 401
7396 412
7440 415
7480 414
7524 408
7572 399
7612 391
7656 391
7700 391
7740 399
7784 403
7824 412
7868 412
7908 412
7952 403
7992 399
8036 391
8080 391
8120 391
8164 399
8204 403
8248 412
8288 412
8332 408
8376 399
8416 399
8460 396
8500 396
8544 396
8592 399
8636 403
8676 408
8720 412
8760 408
8804 399
8844 399
8888 396
8928 398
8972 399
9016 399
9056 403
9100 408
9140 408
9184 403
9224 399
9268 399
9312 399
9352 399
9396 399
9436 399
9480 399
9520 408
9564 408
9604 401
9656 399
9696 399
9740 399
9780 398
9824 399
9864 399
9908 399
9952 408
9992 403
10036 399
10076 399
10120 399
10160 399
10204 399
10248 399
10288 399
10332 399
10372 408
10416 399
10456 399
10500 399
10540 399
10584 399
10628 399
10676 399
10716 399
10760 399
10800 401
10844 403
10888 399
48 112
92 30
132 96
176 263
220 496
260 671
304 768
344 679
388 512
428 316
472 158
512 96
556 158
600 312
640 481
688 639
732 671
772 608
816 455
860 304
900 192
944 158
984 224
1028 352
1068 504
1112 608
1156 624
1196 560
1240 448
1280 316
1324 224
1364 199
1408 255
1448 384
1492 496
1536 572
1576 575
1620 524
1660 432
1708 312
1752 252
1796 248
1836 312
1880 391
1920 496
1964 543
2004 543
2048 496
2092 399
2132 319
2176 271
2216 271
2260 319
2300 399
2344 480
2384 515
2428 512
2472 480
2512 398
2556 327
2596 295
2640 304
2680 352
2732 415
2772 480
2816 504
2856 496
2900 448
2940 384
2984 335
3028 316
3068 319
3112 384
3152 415
3196 460
3236 480
3280 480
3320 448
3364 384
3408 352
3448 327
3492 352
3532 384
3576 415
3616 449
3660 480
3704 451
3752 415
3792 384
3836 352
3876 352
3920 368
3964 384
4004 415
4048 448
4088 451
4132 448
4172 415
4216 384
4256 384
4300 352
4344 384
4384 387
4428 415
4468 448
4512 448
4552 448
4596 414
4640 384
4680 384
4724 384
4772 384
4812 398
4856 415
4900 448
4940 448
4984 423
5024 408
5068 384
5108 384
5152 384
5192 384
5236 399
5280 415
5320 432
5364 432
5404 415
5448 399
5488 385
5532 384
5576 384
5616 384
5660 399
5700 415
5744 423
5792 419
5836 414
5876 399
5920 387
5960 384
6004 384
6044 391
6088 401
6128 415
6172 415
6216 415
6256 412
6300 399
6340 387
6384 384
6424 385
6468 391
6512 399
6552 415
6596 415
6636 415
6680 412
6720 399
6764 391
6812 387
6856 390
6896 398
6940 408
6980 414
7024 415
7064 414
7108 408
7152 399
7192 391
7236 390
7276 391
7320 399
7360 408
7404 412
7448 414
7488 412
7532 408
7572 398
7616 391
7656 391
7700 391
7740 399
7784 408
7828 412
7876 412
7916 408
7960 399
8000 398
8044 391
8088 391
8128 398
8172 399
8212 408
8256 408
8296 412
8340 408
8384 399
8424 399
8468 391
8508 396
8552 399
8592 399
8636 408
8676 408
8720 408
8764 408
8804 399
8848 399
8896 396
8936 396
8980 399
9024 399
9064 408
9108 408
9148 408
9192 401
9232 399
9276 399
9320 398
9360 398
9404 399
9444 401
9488 401
9528 408
9572 408
9612 399
9656 399
9700 399
9740 399
9784 399
9824 399
9868 399
9912 401
9956 401
10000 403
10040 399
10084 399
10124 399
10168 399
10208 399
10252 399
10292 399
10336 403
10380 399
10420 403
10464 399
10504 399
10548 399
10588 399
10632 399
10676 399
10716 399
10760 403
10800 401
10844 401
10884 399
