20 316
64 192
104 112
148 56
188 35
232 63
276 124
324 224
364 316
408 399
448 496
492 547
536 590
576 608
620 591
660 568
704 511
744 451
788 391
832 352
872 304
916 271
956 255
1000 255
1040 286
1084 319
1124 352
1168 387
1212 423
1252 451
1296 480
1344 480
1384 480
1428 480
1472 448
1512 432
1556 399
1596 384
1640 384
1680 352
1724 352
1768 352
1808 352
1852 384
1892 384
1936 391
1976 408
2020 415
2060 432
2104 448
2148 448
2188 448
2232 423
2272 415
2316 403
2364 391
2408 384
2448 384
2492 384
2532 384
2576 384
2616 384
2660 387
2704 391
2744 399
2788 408
2828 414
2872 415
2912 415
2956 415
2996 414
3040 408
3084 399
3124 399
3168 391
3208 391
3252 391
3292 391
3336 391
3384 391
3428 391
3468 399
3512 399
3552 399
3596 408
3640 408
3680 408
3724 408
3764 403
3808 401
3848 399
3892 399
3932 399
3976 399
4020 398
4060 398
4104 398
4144 398
4188 399
4228 399
4272 399
4316 399
4356 399
4404 399
4448 399
4488 403
4532 399
4576 399
4616 399
4660 399
4700 399
4744 399
4784 399
4828 399
4868 399
4912 399
4956 399
4996 399
5040 399
5080 399
5124 399
5164 399
5208 399
5252 399
5292 399
5336 399
5376 399
5424 399
5468 399
5512 399
5552 399
5596 399
5636 403
5680 403
5720 408
5764 408
5804 408
5848 408
5892 408
5932 408
5976 408
6016 408
6060 408
6100 408
6144 408
6188 408
6228 408
6272 408
6312 408
6356 412
6396 408
6444 408
6488 412
6532 412
6572 412
6616 412
6656 412
6700 412
6740 412
6784 412
6828 412
6868 412
6912 412
6952 412
6996 412
7036 412
7080 412
7124 408
7164 412
7208 412
7248 412
7292 412
7332 414
7376 412
7416 412
7468 412
7508 412
7552 412
7592 412
7636 408
7676 408
7720 408
7764 408
7804 408
7848 408
7888 408
7932 408
7972 408
8016 408
8060 403
8100 399
8144 399
8184 399
8228 399
8268 399
8312 399
8352 399
8396 399
8440 398
8480 399
8528 398
8572 398
8612 396
8656 391
8700 391
8740 391
8784 391
8824 391
8868 391
8908 391
8952 391
8996 391
9036 391
9080 396
9120 391
9164 391
9204 391
9248 391
9288 391
9332 391
9376 391
9416 391
9460 391
9500 391
9548 391
9592 391
9636 391
9676 391
9720 391
9760 391
9804 391
9844 391
9888 391
9932 391
9972 396
10016 391
10056 391
10100 396
10140 391
10184 391
10224 391
10268 391
10312 391
10352 391
10396 391
10436 391
10480 391
10520 391
10568 391
10612 391
10656 391
10696 391
10740 391
10780 396
10824 391
10864 391
32 287
72 176
116 96
160 31
200 30
244 62
284 124
328 207
368 312
412 399
456 481
504 568
544 608
588 608
628 590
672 560
716 508
756 448
800 384
840 327
884 287
924 255
968 255
1008 255
1052 287
1096 319
1136 368
1180 391
1220 448
1264 460
1304 480
1348 496
1392 496
1432 480
1476 455
1524 432
1564 408
1608 384
1652 384
1692 352
1736 352
1776 352
1820 368
1860 384
1904 384
1944 398
1988 415
2032 432
2072 448
2116 448
2156 448
2200 448
2240 432
2284 415
2328 412
2368 399
2412 391
2452 384
2496 384
2544 384
2588 384
2628 387
2672 391
2712 399
2756 408
2796 414
2840 415
2880 415
2924 415
2968 415
3008 414
3052 408
3092 399
3136 399
3176 391
3220 391
3264 387
3304 387
3348 387
3388 387
3432 391
3472 391
3516 391
3564 396
3608 399
3648 399
3692 399
3732 398
3776 396
3816 391
3860 391
3904 391
3944 391
3988 387
4028 387
4072 387
4112 387
4156 387
4200 391
4240 391
4284 391
4324 391
4368 391
4408 391
4452 391
4492 391
4536 391
4584 391
4628 391
4668 391
4712 391
4752 391
4796 391
4840 391
4880 391
4924 391
4964 391
5008 391
5048 391
5092 391
5136 391
5176 391
5220 391
5260 391
5304 391
5344 391
5388 391
5428 391
5472 391
5516 391
5556 391
5604 391
5648 391
5688 391
5732 391
5776 391
5816 391
5860 391
5900 391
5944 391
5984 391
6028 391
6072 391
6112 398
6156 391
6196 396
6240 396
6280 396
6324 398
6364 398
6408 398
6452 398
6492 398
6536 398
6576 399
6624 399
6668 399
6712 398
6752 399
6796 398
6836 398
6880 399
6920 398
6964 399
7008 399
7048 399
7092 399
7132 399
7176 399
7216 399
7260 399
7300 399
7344 399
7388 399
7428 399
7472 398
7512 399
7556 399
7596 399
7648 399
7688 399
7732 399
7772 399
7816 399
7856 399
7900 399
7944 399
7984 399
8028 399
8068 399
8112 399
8152 399
8196 399
8236 399
8280 399
8324 399
8364 398
8408 399
8448 399
8492 399
8532 399
8576 399
8620 399
8668 399
8708 399
8752 399
8792 399
8836 399
8880 399
8920 399
8964 399
9004 399
9048 399
9088 399
9132 398
9172 399
9216 399
9260 399
9300 399
9344 399
9384 399
9428 399
9468 399
9512 399
9556 399
9596 399
9640 399
9680 399
9728 399
9772 399
9816 399
9856 399
9900 399
9940 399
9984 399
10024 399
10068 399
10108 399
10152 399
10196 399
10236 399
10280 399
10320 399
10364 399
10404 399
10448 399
10492 399
10532 399
10576 399
10616 398
10660 396
10700 396
10752 396
10792 396
10836 396
10876 391
40 240
84 112
124 28
168 0
212 0
252 35
296 120
336 224
380 319
420 415
464 510
508 572
548 608
592 609
640 583
680 542
724 480
764 415
808 352
852 304
892 255
936 240
976 240
1020 252
1060 271
1104 316
1144 368
1188 396
1232 448
1272 480
1316 480
1356 496
1400 480
1440 480
1484 448
1528 415
1568 387
1612 384
1660 352
1700 332
1744 327
1784 332
1828 352
1872 368
1912 384
1956 391
1996 412
2040 419
2080 448
2124 448
2168 448
2208 432
2252 415
2292 408
2336 396
2376 384
2420 384
2460 384
2504 384
2548 384
2588 384
2632 384
2680 385
2720 391
2764 399
2808 408
2848 412
2892 414
2932 414
2976 412
3016 408
3060 399
3104 396
3144 391
3188 387
3228 384
3272 384
3312 384
3356 385
3396 387
3440 391
3484 391
3524 398
3568 403
3608 399
3652 399
3700 399
3744 399
3784 399
3828 399
3868 398
3912 396
3952 391
3996 391
4040 391
4080 391
4124 391
4164 391
4208 396
4248 399
4292 399
4332 399
4376 399
4420 399
4460 399
4504 399
4544 399
4588 399
4628 398
4672 396
4720 396
4764 391
4804 396
4848 391
4888 396
4932 396
4976 399
5016 399
5060 399
5100 399
5144 399
5184 399
5228 399
5268 399
5312 398
5356 398
5396 398
5440 396
5480 391
5524 391
5564 391
5608 391
5652 391
5692 391
5740 391
5784 391
5824 391
5868 391
5912 391
5952 391
5996 391
6036 391
6080 391
6120 391
6164 391
6204 391
6248 391
6292 391
6332 391
6376 391
6416 391
6460 391
6500 391
6544 391
6588 391
6628 391
6672 391
6712 391
6760 391
6804 391
6848 391
6888 391
6932 391
6972 391
7016 391
7056 391
7100 391
7140 391
7184 391
7228 391
7268 391
7312 391
7352 391
7396 391
7436 391
7480 391
7524 396
7564 391
7608 391
7648 396
7692 396
7732 396
7780 396
7824 399
7868 398
7908 399
7952 399
7992 399
8036 399
8076 399
8120 399
8164 399
8204 399
8248 399
8288 403
8332 403
8372 408
8416 408
8460 408
8500 408
8544 412
8584 408
8628 412
8668 412
8712 412
8752 412
8796 412
8844 412
8888 412
8928 412
8972 412
9012 412
9056 412
9100 412
9140 412
9184 412
9224 412
9268 412
9308 412
9352 408
9396 412
9436 412
9480 412
9520 412
9564 412
9604 412
9648 412
9688 412
9732 412
9776 412
9816 412
9864 412
9908 412
9948 412
9992 412
10036 412
10076 412
10120 412
10160 412
10204 412
10244 412
10288 412
10332 412
10372 412
10416 412
10456 412
10500 412
10540 412
10584 412
10624 412
10668 412
10712 412
10752 412
10796 412
10836 412
10884 412
52 199
92 96
136 24
176 0
220 7
264 63
304 143
348 248
388 352
432 448
472 519
516 575
556 608
600 608
644 575
684 531
728 480
772 399
816 352
860 287
900 255
944 240
984 240
1028 254
1068 284
1112 319
1152 368
1196 399
1240 448
1280 460
1324 480
1364 480
1408 480
1448 451
1492 448
1536 408
1576 384
1620 368
1660 352
1704 327
1744 327
1792 327
1836 352
1880 368
1920 384
1964 387
2004 408
2048 415
2088 419
2132 432
2176 423
2216 415
2260 414
2300 399
2344 387
2384 384
2428 384
2472 384
2512 384
2556 384
2596 384
2640 384
2680 384
2724 391
2764 399
2816 408
2856 414
2900 414
2940 414
2984 414
3024 412
3068 408
3112 399
3152 399
3196 391
3236 391
3280 391
3320 391
3364 391
3408 399
3448 399
3492 399
3532 408
3576 414
3616 414
3660 414
3700 414
3744 414
3788 412
3836 414
3876 408
3920 403
3960 399
4004 399
4048 399
4088 399
4132 399
4172 399
4216 399
4256 403
4300 408
4344 408
4384 412
4428 412
4468 412
4512 412
4552 412
4596 412
4636 412
4680 408
4724 408
4764 408
4808 408
4856 408
4896 408
4940 408
4984 408
5024 408
5068 408
5108 412
5152 412
5192 412
5236 412
5280 412
5320 412
5364 412
5404 412
5448 408
5488 412
5532 408
5572 408
5616 408
5660 412
5700 408
5744 408
5784 408
5828 408
5876 408
5920 408
5960 408
6004 408
6044 408
6088 401
6128 399
6172 399
6212 399
6256 399
6300 401
6340 399
6384 403
6424 401
6468 403
6508 403
6552 403
6596 408
6636 401
6680 403
6720 403
6764 399
6804 399
6848 399
6896 408
6940 399
6980 399
7024 399
7064 399
7108 399
7148 399
7192 399
7236 399
7276 403
7320 403
7360 399
7404 408
7444 399
7488 399
7532 399
7572 399
7616 399
7656 399
7700 399
7740 399
7784 399
7824 399
7868 403
7916 401
7960 403
8000 399
8044 403
8084 403
8128 401
8172 403
8212 401
8256 399
8296 399
8340 399
8380 399
8424 399
8468 399
8508 399
8552 399
8592 399
8636 399
8676 401
8720 399
8760 403
8804 403
8848 399
8888 401
8936 399
8980 399
9020 399
9064 399
9108 408
9148 399
9192 399
9232 399
9276 399
9316 399
9360 399
9404 403
9444 408
9488 401
9528 403
9572 403
9612 403
9656 403
9696 399
9740 399
9784 399
9824 399
9868 399
9908 399
9956 399
10000 399
10044 403
10084 399
10128 403
10168 408
10212 408
10252 408
10296 408
10340 408
10380 408
10424 408
10464 412
10508 408
10548 408
10592 412
10632 408
10676 412
10720 412
10760 412
10804 412
10844 412
10888 412
