20 224
60 56
104 15
148 127
192 384
236 591
280 736
320 768
364 636
404 448
448 225
488 96
532 79
572 192
616 384
660 560
700 688
744 704
784 608
828 432
868 255
912 143
956 127
996 224
1040 384
1080 536
1124 639
1164 647
1212 550
1256 399
1300 255
1340 192
1384 192
1424 255
1468 396
1508 527
1552 608
1592 608
1636 527
1680 408
1720 286
1764 224
1804 224
1848 286
1888 391
1932 510
1976 575
2016 575
2060 511
2100 408
2144 312
2184 248
2232 252
2276 316
2320 412
2360 508
2404 551
2444 543
2488 481
2528 391
2572 312
2616 255
2656 270
2700 319
2740 412
2784 480
2824 527
2868 519
2908 480
2952 391
2996 323
3036 286
3080 287
3120 335
3164 408
3204 480
3256 511
3296 504
3340 449
3380 385
3424 327
3464 304
3508 316
3552 353
3592 415
3636 480
3676 496
3720 496
3760 448
3804 387
3844 352
3888 318
3932 319
3972 384
4016 414
4056 455
4100 480
4140 480
4184 448
4228 391
4276 352
4316 327
4360 352
4400 384
4444 415
4484 449
4528 463
4572 455
4612 432
4656 385
4696 353
4740 352
4780 352
4824 384
4868 414
4908 448
4952 455
4992 448
5036 423
5076 387
5120 384
5160 352
5204 368
5248 384
5296 415
5336 448
5380 448
5420 448
5464 415
5508 387
5548 384
5592 368
5632 384
5676 385
5716 415
5760 448
5804 448
5844 448
5888 415
5928 391
5972 384
6012 384
6056 384
6096 387
6140 414
6184 448
6224 448
6268 448
6316 412
6356 387
6400 384
6444 384
6484 384
6528 391
6568 414
6612 423
6652 448
6696 423
6740 412
6780 391
6824 384
6864 384
6908 384
6948 391
6992 414
7032 419
7076 432
7120 415
7160 408
7204 391
7244 384
7288 384
7336 385
7380 399
7420 414
7464 415
7504 419
7548 415
7588 408
7632 391
7676 385
7716 384
7760 387
7800 399
7844 412
7884 415
7928 415
7968 415
8012 408
8056 391
8096 387
8140 385
8180 391
8224 399
8264 412
8308 415
8356 415
8400 414
8440 403
8484 396
8524 387
8568 387
8612 391
8652 399
8696 412
8736 415
8780 415
8820 414
8864 403
8904 398
8948 391
8992 391
9032 391
9076 399
9116 412
9160 415
9200 415
9244 412
9288 403
9328 399
9376 391
9420 391
9460 398
9504 399
9548 408
9588 414
9632 414
9672 412
9716 399
9756 399
9800 391
9840 391
9884 398
9928 399
9968 408
10012 412
10052 414
10096 412
10136 403
10180 399
10224 396
10264 391
10308 399
10348 399
10392 408
10440 412
10484 412
10524 408
10568 399
10608 399
10652 398
10692 398
10736 399
10776 403
10820 408
10864 412
28 192
72 31
112 30
156 163
196 385
240 608
280 768
324 768
368 624
408 414
452 224
492 96
536 96
576 199
620 385
660 575
704 704
748 704
788 583
832 415
880 224
920 127
964 142
1004 254
1048 414
1092 568
1132 647
1176 639
1216 542
1260 391
1300 254
1344 176
1388 192
1428 271
1472 412
1512 540
1556 609
1596 608
1640 519
1680 391
1724 271
1768 224
1808 224
1852 287
1900 423
1940 527
1984 575
2028 572
2068 496
2112 384
2152 287
2196 240
2236 254
2280 319
2320 415
2364 511
2408 560
2448 542
2492 480
2532 384
2576 304
2616 255
2660 271
2704 332
2744 415
2788 496
2828 527
2872 519
2920 455
2964 384
3004 316
3048 284
3088 304
3132 352
3172 423
3216 481
3256 512
3300 504
3344 448
3384 384
3428 319
3468 304
3512 318
3552 384
3596 415
3640 480
3680 504
3724 480
3764 448
3808 384
3848 352
3892 319
3940 332
3984 384
4024 423
4068 480
4108 480
4152 480
4192 432
4236 384
4280 352
4320 327
4364 352
4404 384
4448 415
4488 454
4532 480
4576 455
4616 423
4660 384
4700 352
4744 352
4784 352
4828 384
4868 415
4912 448
4960 455
5004 448
5044 415
5088 384
5128 368
5172 352
5216 384
5256 387
5300 415
5340 448
5384 448
5424 448
5468 415
5512 385
5552 384
5596 368
5636 384
5680 390
5720 415
5764 448
5804 448
5848 448
5892 414
5932 387
5980 384
6024 384
6064 384
6108 391
6152 415
6192 448
6236 448
6276 432
6320 412
6360 385
6404 384
6448 384
6488 384
6532 396
6572 415
6616 432
6656 448
6700 422
6740 412
6784 387
6828 384
6868 384
6912 384
6952 398
7000 415
7044 432
7088 432
7128 415
7172 408
7212 390
7256 384
7296 384
7340 385
7384 399
7424 415
7468 419
7508 422
7552 415
7592 408
7636 391
7676 384
7720 384
7764 387
7804 399
7848 414
7888 415
7932 415
7972 415
8016 399
8064 391
8108 387
8148 385
8192 391
8232 399
8276 414
8320 415
8360 415
8404 414
8444 399
8488 391
8528 387
8572 387
8612 391
8656 399
8700 412
8740 415
8784 415
8824 414
8868 399
8908 398
8952 391
8996 391
9036 396
9080 399
9124 412
9168 415
9208 415
9252 412
9292 399
9336 398
9376 391
9420 391
9460 398
9504 399
9548 412
9588 414
9632 414
9672 412
9716 399
9756 399
9800 396
9844 391
9884 399
9928 399
9968 408
10012 412
10052 412
10100 408
10144 399
10188 399
10228 396
10272 396
10312 399
10356 399
10396 408
10440 412
10484 412
10524 408
10568 399
10608 399
10652 398
10692 398
10736 399
10776 399
10820 408
10864 412
40 135
84 24
124 56
168 224
208 448
252 639
292 768
336 736
380 575
420 384
464 192
504 96
552 124
596 255
636 455
680 632
724 704
764 664
808 526
848 352
892 195
932 127
976 159
1016 287
1060 448
1104 583
1144 652
1188 624
1228 510
1272 368
1312 240
1356 176
1400 199
1440 304
1484 448
1524 560
1572 624
1616 575
1656 480
1700 352
1744 252
1784 204
1828 248
1868 332
1912 448
1952 543
1996 575
2040 550
2080 480
2124 368
2164 271
2208 240
2248 255
2292 352
2332 448
2376 519
2420 560
2460 527
2504 455
2544 384
2588 287
2636 255
2680 287
2720 384
2764 448
2804 511
2848 529
2888 508
2932 448
2976 384
3016 312
3060 286
3100 312
3144 384
3184 448
3228 496
3268 511
3312 496
3356 448
3396 384
3440 319
3480 304
3524 319
3564 384
3608 448
3652 480
3696 496
3740 480
3780 432
3824 384
3864 327
3908 319
3948 352
3992 384
4032 448
4076 480
4120 480
4160 462
4204 419
4244 384
4288 352
4328 327
4372 352
4416 384
4456 432
4500 455
4540 480
4584 451
4624 415
4672 384
4716 352
4760 352
4800 368
4844 387
4884 432
4928 449
4968 455
5012 448
5052 414
5096 384
5140 353
5180 352
5224 384
5264 391
5308 419
5348 448
5392 448
5436 448
5476 412
5520 384
5560 384
5604 368
5644 384
5692 398
5736 419
5780 448
5820 448
5864 432
5904 408
5948 384
5988 384
6032 384
6076 384
6116 398
6160 415
6200 448
6244 448
6284 423
6328 408
6368 384
6412 384
6456 384
6496 384
6540 398
6580 415
6624 432
6664 448
6716 415
6756 399
6800 384
6840 384
6884 384
6924 384
6968 399
7012 415
7052 423
7096 423
7136 415
7180 403
7220 387
7264 384
7304 384
7348 385
7392 399
7432 415
7476 415
7516 419
7560 415
7600 399
7644 391
7688 384
7736 384
7776 391
7820 399
7860 414
7904 415
7948 415
7988 414
8032 399
8072 391
8116 385
8156 385
8200 391
8240 399
8284 414
8328 415
8368 415
8412 412
8452 399
8496 391
8536 387
8580 387
8624 391
8664 399
8708 412
8756 415
8796 415
8840 412
8884 399
8924 391
8968 391
9008 391
9052 396
9092 399
9136 412
9176 414
9220 414
9264 408
9304 399
9348 396
9388 391
9432 391
9472 398
9516 399
9560 408
9600 414
9644 412
9684 408
9728 399
9776 396
9820 391
9860 391
9904 398
9944 399
9988 408
10028 412
10072 412
10112 408
10156 399
10200 398
10240 391
10284 396
10324 399
10368 399
10408 408
10452 408
10496 412
10536 408
10580 399
10620 398
10664 391
10704 396
10748 399
10796 399
10840 408
10880 408
48 99
88 14
132 71
176 255
216 496
260 704
308 768
348 679
392 508
436 287
476 127
520 71
560 143
604 312
644 504
688 639
732 704
772 639
816 496
856 316
900 176
940 127
984 192
1024 319
1068 480
1112 608
1152 654
1196 608
1236 480
1280 319
1324 199
1368 167
1412 224
1452 352
1496 480
1536 575
1580 624
1620 568
1664 451
1704 327
1748 240
1792 199
1832 254
1876 352
1916 480
1960 560
2000 575
2044 542
2088 448
2128 352
2172 255
2212 240
2256 271
2296 368
2344 480
2388 540
2432 551
2472 511
2516 432
2556 352
2600 280
2640 255
2684 304
2728 384
2768 455
2812 513
2852 527
2896 496
2936 423
2980 352
3024 295
3064 286
3108 318
3148 384
3192 448
3232 504
3276 511
3316 480
3368 414
3408 352
3452 312
3492 312
3536 335
3576 391
3620 448
3664 496
3704 496
3748 462
3788 412
3832 368
3872 319
3916 319
3960 352
4000 391
4044 448
4084 480
4128 480
4168 451
4212 414
4252 384
4296 335
4340 327
4388 368
4428 399
4472 448
4512 463
4556 463
4600 448
4640 399
4684 384
4724 352
4768 352
4808 384
4852 399
4896 448
4936 451
4980 451
5020 448
5064 399
5104 384
5148 352
5188 352
5232 384
5276 399
5316 432
5360 448
5408 448
5448 432
5492 399
5536 384
5576 368
5620 384
5660 384
5704 399
5744 432
5788 448
5832 448
5872 419
5916 399
5956 384
6000 384
6040 384
6084 384
6124 399
6168 419
6212 448
6252 448
6296 415
6336 399
6380 384
6428 384
6472 384
6512 384
6556 408
6596 419
6640 432
6680 432
6724 415
6768 396
6808 384
6852 384
6892 384
6936 387
6976 403
7020 415
7060 423
7104 423
7148 414
7188 398
7232 384
7272 384
7316 384
7356 390
7400 399
7448 415
7492 419
7532 415
7576 412
7616 396
7660 385
7704 384
7744 384
7788 391
7828 408
7872 415
7912 415
7956 415
7996 412
8040 399
8084 387
8124 384
8168 385
8208 391
8252 408
8292 415
8336 415
8380 415
8420 412
8468 399
8512 391
8552 387
8596 387
8640 399
8680 408
8724 414
8764 415
8808 415
8848 408
8892 399
8932 391
8976 390
9020 391
9060 399
9104 408
9144 412
9188 415
9228 414
9272 408
9316 399
9356 391
9400 391
9440 391
9488 399
9532 408
9576 412
9616 414
9660 412
9700 401
9744 399
9784 391
9828 391
9868 396
9912 399
9956 408
9996 412
10040 412
10080 412
10124 403
10164 399
10208 396
10252 391
10292 398
10336 399
10376 403
10420 412
10460 412
10508 408
10552 399
10596 399
10636 398
10680 396
10720 398
10764 399
10804 408
10848 408
10892 412
