#freq[Hz]	Vin1	Vin2	dVin	Vout1	Vout2	dVout		#le tensioni sono tutte in volt		#le frequenze sono in Hz
403.1		7.6	-8	.08	3.32	-3.4	.04
703.48		7.44	-7.92	.08	3.64	-3.68	.04
1275		7.6	-8.0	.08	3.8	-3.8	.04
2344		7.68	-8	.08	3.84	-3.76	.04
3989		7.60	-8	.08	3.60	-3.6	.04

45.31		7.68	-8	.08	0.744	-0.768	0.008
80.12		7.60	-8	.08	1.28	-1.32	.02
130.75		7.6	-8	.08	1.92	-1.98	.02
217.13		7.68	-8	.08	2.64	-2.72	.04
345.8		7.6	-8	.08	3.24	-3.24	.04

4726		7.68	-8	.08	3.48	-3.44	.04 	
8068		7.68	-8	.08	3.00	-2.96	.04
13201.5		7.52	-8	.08	2.32	-2.36	.04
25509		7.6	-7.92	.08	1.4	-1.4	.02
30100		7.44	-7.92	.08	1.18	-1.22	.02
35660		7.44	-7.92	.08	1.02	-1.04	.02
42930		7.44	-7.84	.08	0.860	-0.9	.02
50240		7.44	-7.92	.08	0.752	-0.728	.008	


174.374		4.48	-4.88	.08	1.4	-1.44	.02
95.539		4.48	-4.88	.08	0.9	-.920	.02
1792.52		4.56	-4.96	.08	2.28	-2.32	.04
2784.3		4.48	-4.96	.08	2.28	-2.24	.04
3443.9		4.48	-4.96	.08	2.2	-2.24	.04
67.308		4.56	-4.96	.08	.648	-.672	.008
53.82		4.56	-4.96	.08	.528	-.544	.008
1015.86		4.56	-4.96	.08	2.24	-2.28	.04
1450.07		4.56	-5.04	.08	2.28	-2.32	.04