Record Length	2500	Points	-0,00025	0,38		Record Length	2500	Points	-0,00025	-4,2	
Sample Interval	2e-007	s	-0,0002498	0,38		Sample Interval	2e-007	s	-0,0002498	-4,4	
Trigger Point	1249,999899	Samples	-0,0002496	0,38		Trigger Point	1249,999899	Samples	-0,0002496	-4,6	
			-0,0002494	0,42					-0,0002494	-4,4	
			-0,0002492	0,4					-0,0002492	-4,6	
			-0,000249	0,42					-0,000249	-4,8	
Source	CH1		-0,0002488	0,42		Source	CH2		-0,0002488	-4,6	
Vertical Units	Volts		-0,0002486	0,4		Vertical Units	Volts		-0,0002486	-4,8	
Vertical Scale	499.999989E-3		-0,0002484	0,44		Vertical Scale	5.00000		-0,0002484	-4,6	
Vertical Offset	0		-0,0002482	0,42		Vertical Offset	0		-0,0002482	-5	
Horizontal Units	s		-0,000248	0,44		Horizontal Units	s		-0,000248	-4,6	
Horizontal Scale	50.00000E-6		-0,0002478	0,44		Horizontal Scale	50.00000E-6		-0,0002478	-5	
Pt Fmt	Y		-0,0002476	0,44		Pt Fmt	Y		-0,0002476	-4,8	
Yzero	440.000000E-3		-0,0002474	0,48		Yzero	0.0		-0,0002474	-4,8	
Probe Atten	1,000000		-0,0002472	0,46		Probe Atten	1,000000		-0,0002472	-5,2	
			-0,000247	0,44					-0,000247	-5	
Note	TDS 1012B - 16:43:38   24/10/2016		-0,0002468	0,46		Note	TDS 1012B - 16:43:38   24/10/2016		-0,0002468	-5	
			-0,0002466	0,48					-0,0002466	-5	
			-0,0002464	0,46					-0,0002464	-5,2	
			-0,0002462	0,46					-0,0002462	-5,2	
			-0,000246	0,48					-0,000246	-5,4	
			-0,0002458	0,5					-0,0002458	-5,4	
			-0,0002456	0,5					-0,0002456	-5,4	
			-0,0002454	0,5					-0,0002454	-5,6	
			-0,0002452	0,5					-0,0002452	-5,6	
			-0,000245	0,54					-0,000245	-5,6	
			-0,0002448	0,52					-0,0002448	-5,4	
			-0,0002446	0,52					-0,0002446	-5,6	
			-0,0002444	0,52					-0,0002444	-5,6	
			-0,0002442	0,5					-0,0002442	-5,6	
			-0,000244	0,54					-0,000244	-5,8	
			-0,0002438	0,52					-0,0002438	-5,8	
			-0,0002436	0,56					-0,0002436	-6	
			-0,0002434	0,54					-0,0002434	-6	
			-0,0002432	0,56					-0,0002432	-6	
			-0,000243	0,56					-0,000243	-6	
			-0,0002428	0,56					-0,0002428	-6	
			-0,0002426	0,56					-0,0002426	-6,2	
			-0,0002424	0,56					-0,0002424	-6	
			-0,0002422	0,56					-0,0002422	-6,2	
			-0,000242	0,56					-0,000242	-6,4	
			-0,0002418	0,6					-0,0002418	-6,4	
			-0,0002416	0,56					-0,0002416	-6,4	
			-0,0002414	0,6					-0,0002414	-6,4	
			-0,0002412	0,6					-0,0002412	-6,6	
			-0,000241	0,62					-0,000241	-6,4	
			-0,0002408	0,6					-0,0002408	-6,6	
			-0,0002406	0,64					-0,0002406	-6,6	
			-0,0002404	0,6					-0,0002404	-6,6	
			-0,0002402	0,62					-0,0002402	-7	
			-0,00024	0,6					-0,00024	-6,8	
			-0,0002398	0,64					-0,0002398	-6,8	
			-0,0002396	0,64					-0,0002396	-6,8	
			-0,0002394	0,64					-0,0002394	-6,8	
			-0,0002392	0,64					-0,0002392	-6,6	
			-0,000239	0,66					-0,000239	-7	
			-0,0002388	0,66					-0,0002388	-6,8	
			-0,0002386	0,66					-0,0002386	-6,8	
			-0,0002384	0,64					-0,0002384	-7,2	
			-0,0002382	0,68					-0,0002382	-7	
			-0,000238	0,66					-0,000238	-7,2	
			-0,0002378	0,7					-0,0002378	-7,2	
			-0,0002376	0,68					-0,0002376	-7,2	
			-0,0002374	0,7					-0,0002374	-7,4	
			-0,0002372	0,66					-0,0002372	-7,2	
			-0,000237	0,7					-0,000237	-7,2	
			-0,0002368	0,68					-0,0002368	-7,4	
			-0,0002366	0,7					-0,0002366	-7,6	
			-0,0002364	0,7					-0,0002364	-7,4	
			-0,0002362	0,7					-0,0002362	-7,6	
			-0,000236	0,72					-0,000236	-7,6	
			-0,0002358	0,74					-0,0002358	-7,6	
			-0,0002356	0,72					-0,0002356	-7,8	
			-0,0002354	0,72					-0,0002354	-8	
			-0,0002352	0,74					-0,0002352	-7,8	
			-0,000235	0,72					-0,000235	-7,8	
			-0,0002348	0,74					-0,0002348	-8	
			-0,0002346	0,74					-0,0002346	-7,8	
			-0,0002344	0,76					-0,0002344	-7,8	
			-0,0002342	0,76					-0,0002342	-8	
			-0,000234	0,78					-0,000234	-8	
			-0,0002338	0,74					-0,0002338	-8	
			-0,0002336	0,74					-0,0002336	-8	
			-0,0002334	0,74					-0,0002334	-8,2	
			-0,0002332	0,76					-0,0002332	-8,4	
			-0,000233	0,74					-0,000233	-8,2	
			-0,0002328	0,78					-0,0002328	-8,4	
			-0,0002326	0,78					-0,0002326	-8,4	
			-0,0002324	0,78					-0,0002324	-8,2	
			-0,0002322	0,76					-0,0002322	-8,4	
			-0,000232	0,78					-0,000232	-8	
			-0,0002318	0,8					-0,0002318	-8,2	
			-0,0002316	0,8					-0,0002316	-8,4	
			-0,0002314	0,8					-0,0002314	-8,6	
			-0,0002312	0,8					-0,0002312	-8,6	
			-0,000231	0,84					-0,000231	-8,6	
			-0,0002308	0,8					-0,0002308	-8,6	
			-0,0002306	0,82					-0,0002306	-8,6	
			-0,0002304	0,8					-0,0002304	-8,6	
			-0,0002302	0,82					-0,0002302	-8,8	
			-0,00023	0,82					-0,00023	-8,8	
			-0,0002298	0,8					-0,0002298	-8,8	
			-0,0002296	0,84					-0,0002296	-8,8	
			-0,0002294	0,84					-0,0002294	-8,6	
			-0,0002292	0,86					-0,0002292	-8,8	
			-0,000229	0,84					-0,000229	-8,8	
			-0,0002288	0,86					-0,0002288	-8,8	
			-0,0002286	0,86					-0,0002286	-9	
			-0,0002284	0,86					-0,0002284	-9	
			-0,0002282	0,86					-0,0002282	-8,8	
			-0,000228	0,84					-0,000228	-9	
			-0,0002278	0,86					-0,0002278	-8,8	
			-0,0002276	0,86					-0,0002276	-9	
			-0,0002274	0,84					-0,0002274	-8,8	
			-0,0002272	0,86					-0,0002272	-9	
			-0,000227	0,84					-0,000227	-9	
			-0,0002268	0,88					-0,0002268	-8,8	
			-0,0002266	0,86					-0,0002266	-8,8	
			-0,0002264	0,86					-0,0002264	-8,8	
			-0,0002262	0,88					-0,0002262	-9,2	
			-0,000226	0,86					-0,000226	-8,8	
			-0,0002258	0,88					-0,0002258	-9	
			-0,0002256	0,88					-0,0002256	-9	
			-0,0002254	0,88					-0,0002254	-9	
			-0,0002252	0,9					-0,0002252	-9	
			-0,000225	0,9					-0,000225	-9	
			-0,0002248	0,86					-0,0002248	-9,2	
			-0,0002246	0,88					-0,0002246	-8,8	
			-0,0002244	0,9					-0,0002244	-8,8	
			-0,0002242	0,9					-0,0002242	-9	
			-0,000224	0,9					-0,000224	-8,8	
			-0,0002238	0,92					-0,0002238	-9	
			-0,0002236	0,9					-0,0002236	-9	
			-0,0002234	0,92					-0,0002234	-8,8	
			-0,0002232	0,92					-0,0002232	-9	
			-0,000223	0,9					-0,000223	-9	
			-0,0002228	0,9					-0,0002228	-9	
			-0,0002226	0,9					-0,0002226	-9	
			-0,0002224	0,88					-0,0002224	-9	
			-0,0002222	0,9					-0,0002222	-9,2	
			-0,000222	0,92					-0,000222	-8,8	
			-0,0002218	0,88					-0,0002218	-8,8	
			-0,0002216	0,92					-0,0002216	-9,2	
			-0,0002214	0,92					-0,0002214	-9	
			-0,0002212	0,92					-0,0002212	-9	
			-0,000221	0,92					-0,000221	-9	
			-0,0002208	0,92					-0,0002208	-9	
			-0,0002206	0,9					-0,0002206	-9	
			-0,0002204	0,92					-0,0002204	-8,8	
			-0,0002202	0,94					-0,0002202	-9,2	
			-0,00022	0,96					-0,00022	-9	
			-0,0002198	0,96					-0,0002198	-9	
			-0,0002196	0,92					-0,0002196	-9	
			-0,0002194	0,92					-0,0002194	-9	
			-0,0002192	0,94					-0,0002192	-8,8	
			-0,000219	0,94					-0,000219	-8,8	
			-0,0002188	0,94					-0,0002188	-9	
			-0,0002186	0,96					-0,0002186	-9	
			-0,0002184	0,96					-0,0002184	-9	
			-0,0002182	0,94					-0,0002182	-8,8	
			-0,000218	0,96					-0,000218	-9,2	
			-0,0002178	0,96					-0,0002178	-9	
			-0,0002176	0,94					-0,0002176	-8,8	
			-0,0002174	0,94					-0,0002174	-8,8	
			-0,0002172	0,92					-0,0002172	-9	
			-0,000217	0,94					-0,000217	-9	
			-0,0002168	0,94					-0,0002168	-8,8	
			-0,0002166	0,94					-0,0002166	-9	
			-0,0002164	0,96					-0,0002164	-9	
			-0,0002162	0,96					-0,0002162	-9	
			-0,000216	0,98					-0,000216	-9,2	
			-0,0002158	0,94					-0,0002158	-9	
			-0,0002156	0,96					-0,0002156	-9	
			-0,0002154	0,96					-0,0002154	-9,2	
			-0,0002152	0,96					-0,0002152	-9,2	
			-0,000215	0,96					-0,000215	-8,8	
			-0,0002148	0,96					-0,0002148	-8,8	
			-0,0002146	0,96					-0,0002146	-9	
			-0,0002144	0,96					-0,0002144	-9	
			-0,0002142	0,96					-0,0002142	-9	
			-0,000214	0,96					-0,000214	-9	
			-0,0002138	0,94					-0,0002138	-9	
			-0,0002136	0,96					-0,0002136	-9	
			-0,0002134	0,96					-0,0002134	-8,8	
			-0,0002132	0,96					-0,0002132	-9	
			-0,000213	0,96					-0,000213	-9	
			-0,0002128	0,96					-0,0002128	-8,6	
			-0,0002126	0,94					-0,0002126	-9	
			-0,0002124	0,92					-0,0002124	-8,8	
			-0,0002122	0,94					-0,0002122	-9	
			-0,000212	0,94					-0,000212	-8,6	
			-0,0002118	0,94					-0,0002118	-9	
			-0,0002116	0,96					-0,0002116	-8,8	
			-0,0002114	0,98					-0,0002114	-8,8	
			-0,0002112	0,96					-0,0002112	-9,2	
			-0,000211	0,96					-0,000211	-8,8	
			-0,0002108	0,92					-0,0002108	-9	
			-0,0002106	0,94					-0,0002106	-9	
			-0,0002104	0,98					-0,0002104	-9	
			-0,0002102	0,98					-0,0002102	-8,8	
			-0,00021	0,98					-0,00021	-9	
			-0,0002098	0,98					-0,0002098	-8,8	
			-0,0002096	0,96					-0,0002096	-8,8	
			-0,0002094	1					-0,0002094	-9	
			-0,0002092	0,96					-0,0002092	-9	
			-0,000209	0,94					-0,000209	-9	
			-0,0002088	0,98					-0,0002088	-9	
			-0,0002086	0,96					-0,0002086	-9,2	
			-0,0002084	0,94					-0,0002084	-9	
			-0,0002082	0,94					-0,0002082	-9	
			-0,000208	0,98					-0,000208	-9	
			-0,0002078	0,96					-0,0002078	-9	
			-0,0002076	0,94					-0,0002076	-8,8	
			-0,0002074	0,94					-0,0002074	-9	
			-0,0002072	0,94					-0,0002072	-8,8	
			-0,000207	0,94					-0,000207	-9	
			-0,0002068	0,96					-0,0002068	-8,8	
			-0,0002066	0,96					-0,0002066	-9	
			-0,0002064	0,96					-0,0002064	-9	
			-0,0002062	0,94					-0,0002062	-8,8	
			-0,000206	0,92					-0,000206	-8,8	
			-0,0002058	0,92					-0,0002058	-9	
			-0,0002056	0,92					-0,0002056	-9	
			-0,0002054	0,96					-0,0002054	-9	
			-0,0002052	0,92					-0,0002052	-9	
			-0,000205	0,92					-0,000205	-9,2	
			-0,0002048	0,94					-0,0002048	-9	
			-0,0002046	0,94					-0,0002046	-9	
			-0,0002044	0,94					-0,0002044	-9	
			-0,0002042	0,92					-0,0002042	-8,8	
			-0,000204	0,9					-0,000204	-9,2	
			-0,0002038	0,94					-0,0002038	-9	
			-0,0002036	0,92					-0,0002036	-8,8	
			-0,0002034	0,92					-0,0002034	-9,2	
			-0,0002032	0,92					-0,0002032	-9	
			-0,000203	0,9					-0,000203	-9	
			-0,0002028	0,92					-0,0002028	-9	
			-0,0002026	0,88					-0,0002026	-9	
			-0,0002024	0,9					-0,0002024	-8,8	
			-0,0002022	0,94					-0,0002022	-8,8	
			-0,000202	0,92					-0,000202	-9	
			-0,0002018	0,92					-0,0002018	-9	
			-0,0002016	0,92					-0,0002016	-8,8	
			-0,0002014	0,92					-0,0002014	-8,8	
			-0,0002012	0,9					-0,0002012	-9	
			-0,000201	0,9					-0,000201	-9	
			-0,0002008	0,9					-0,0002008	-8,8	
			-0,0002006	0,88					-0,0002006	-8,8	
			-0,0002004	0,92					-0,0002004	-9	
			-0,0002002	0,9					-0,0002002	-9	
			-0,0002	0,88					-0,0002	-9	
			-0,0001998	0,9					-0,0001998	-9	
			-0,0001996	0,9					-0,0001996	-9	
			-0,0001994	0,9					-0,0001994	-9	
			-0,0001992	0,88					-0,0001992	-9	
			-0,000199	0,9					-0,000199	-9	
			-0,0001988	0,9					-0,0001988	-9	
			-0,0001986	0,88					-0,0001986	-9	
			-0,0001984	0,88					-0,0001984	-9	
			-0,0001982	0,88					-0,0001982	-9	
			-0,000198	0,88					-0,000198	-9	
			-0,0001978	0,88					-0,0001978	-9,2	
			-0,0001976	0,86					-0,0001976	-9	
			-0,0001974	0,86					-0,0001974	-8,8	
			-0,0001972	0,88					-0,0001972	-9	
			-0,000197	0,86					-0,000197	-9	
			-0,0001968	0,86					-0,0001968	-9,2	
			-0,0001966	0,84					-0,0001966	-9	
			-0,0001964	0,86					-0,0001964	-9,2	
			-0,0001962	0,88					-0,0001962	-9,2	
			-0,000196	0,84					-0,000196	-9	
			-0,0001958	0,84					-0,0001958	-9	
			-0,0001956	0,84					-0,0001956	-9	
			-0,0001954	0,86					-0,0001954	-9,2	
			-0,0001952	0,84					-0,0001952	-9,2	
			-0,000195	0,86					-0,000195	-9	
			-0,0001948	0,8					-0,0001948	-9	
			-0,0001946	0,82					-0,0001946	-9	
			-0,0001944	0,82					-0,0001944	-9,2	
			-0,0001942	0,8					-0,0001942	-9	
			-0,000194	0,82					-0,000194	-9	
			-0,0001938	0,82					-0,0001938	-8,8	
			-0,0001936	0,78					-0,0001936	-8,8	
			-0,0001934	0,82					-0,0001934	-8,8	
			-0,0001932	0,84					-0,0001932	-9	
			-0,000193	0,8					-0,000193	-9	
			-0,0001928	0,8					-0,0001928	-8,8	
			-0,0001926	0,78					-0,0001926	-8,8	
			-0,0001924	0,78					-0,0001924	-8,6	
			-0,0001922	0,78					-0,0001922	-8,8	
			-0,000192	0,78					-0,000192	-8,8	
			-0,0001918	0,76					-0,0001918	-8,6	
			-0,0001916	0,76					-0,0001916	-8,8	
			-0,0001914	0,76					-0,0001914	-8,6	
			-0,0001912	0,74					-0,0001912	-8,8	
			-0,000191	0,76					-0,000191	-8,4	
			-0,0001908	0,74					-0,0001908	-8,4	
			-0,0001906	0,76					-0,0001906	-8,4	
			-0,0001904	0,74					-0,0001904	-8,4	
			-0,0001902	0,76					-0,0001902	-8,2	
			-0,00019	0,74					-0,00019	-8,2	
			-0,0001898	0,74					-0,0001898	-8,2	
			-0,0001896	0,74					-0,0001896	-8,2	
			-0,0001894	0,74					-0,0001894	-8,2	
			-0,0001892	0,74					-0,0001892	-8,2	
			-0,000189	0,72					-0,000189	-8,2	
			-0,0001888	0,72					-0,0001888	-8,2	
			-0,0001886	0,72					-0,0001886	-8,2	
			-0,0001884	0,7					-0,0001884	-8,2	
			-0,0001882	0,68					-0,0001882	-8	
			-0,000188	0,72					-0,000188	-7,6	
			-0,0001878	0,7					-0,0001878	-7,6	
			-0,0001876	0,68					-0,0001876	-7,8	
			-0,0001874	0,68					-0,0001874	-7,8	
			-0,0001872	0,68					-0,0001872	-7,6	
			-0,000187	0,66					-0,000187	-7,6	
			-0,0001868	0,66					-0,0001868	-7,6	
			-0,0001866	0,68					-0,0001866	-7,6	
			-0,0001864	0,66					-0,0001864	-7,4	
			-0,0001862	0,66					-0,0001862	-7,4	
			-0,000186	0,62					-0,000186	-7,2	
			-0,0001858	0,64					-0,0001858	-7,6	
			-0,0001856	0,64					-0,0001856	-7,4	
			-0,0001854	0,64					-0,0001854	-7,2	
			-0,0001852	0,64					-0,0001852	-7,2	
			-0,000185	0,62					-0,000185	-7,4	
			-0,0001848	0,6					-0,0001848	-7,2	
			-0,0001846	0,64					-0,0001846	-7,2	
			-0,0001844	0,62					-0,0001844	-7,2	
			-0,0001842	0,58					-0,0001842	-6,8	
			-0,000184	0,62					-0,000184	-7	
			-0,0001838	0,6					-0,0001838	-7,2	
			-0,0001836	0,58					-0,0001836	-7	
			-0,0001834	0,62					-0,0001834	-6,8	
			-0,0001832	0,58					-0,0001832	-6,6	
			-0,000183	0,58					-0,000183	-6,8	
			-0,0001828	0,54					-0,0001828	-6,8	
			-0,0001826	0,56					-0,0001826	-6,6	
			-0,0001824	0,58					-0,0001824	-6,6	
			-0,0001822	0,54					-0,0001822	-6,6	
			-0,000182	0,58					-0,000182	-6,6	
			-0,0001818	0,54					-0,0001818	-6,6	
			-0,0001816	0,56					-0,0001816	-6,6	
			-0,0001814	0,56					-0,0001814	-6,4	
			-0,0001812	0,54					-0,0001812	-6,4	
			-0,000181	0,52					-0,000181	-6,4	
			-0,0001808	0,52					-0,0001808	-6,2	
			-0,0001806	0,5					-0,0001806	-6,2	
			-0,0001804	0,52					-0,0001804	-6	
			-0,0001802	0,52					-0,0001802	-6,2	
			-0,00018	0,52					-0,00018	-6	
			-0,0001798	0,5					-0,0001798	-6	
			-0,0001796	0,5					-0,0001796	-6	
			-0,0001794	0,48					-0,0001794	-5,8	
			-0,0001792	0,48					-0,0001792	-5,8	
			-0,000179	0,5					-0,000179	-5,8	
			-0,0001788	0,48					-0,0001788	-5,8	
			-0,0001786	0,46					-0,0001786	-6	
			-0,0001784	0,44					-0,0001784	-5,8	
			-0,0001782	0,46					-0,0001782	-5,8	
			-0,000178	0,44					-0,000178	-5,6	
			-0,0001778	0,44					-0,0001778	-5,6	
			-0,0001776	0,44					-0,0001776	-5,4	
			-0,0001774	0,44					-0,0001774	-5,4	
			-0,0001772	0,44					-0,0001772	-5,4	
			-0,000177	0,44					-0,000177	-5,4	
			-0,0001768	0,4					-0,0001768	-5,2	
			-0,0001766	0,42					-0,0001766	-5,2	
			-0,0001764	0,42					-0,0001764	-5,2	
			-0,0001762	0,38					-0,0001762	-5	
			-0,000176	0,4					-0,000176	-5	
			-0,0001758	0,38					-0,0001758	-5,2	
			-0,0001756	0,38					-0,0001756	-5	
			-0,0001754	0,38					-0,0001754	-5	
			-0,0001752	0,38					-0,0001752	-5	
			-0,000175	0,36					-0,000175	-4,8	
			-0,0001748	0,36					-0,0001748	-5	
			-0,0001746	0,36					-0,0001746	-4,8	
			-0,0001744	0,36					-0,0001744	-4,8	
			-0,0001742	0,34					-0,0001742	-4,6	
			-0,000174	0,36					-0,000174	-4,6	
			-0,0001738	0,34					-0,0001738	-4,4	
			-0,0001736	0,32					-0,0001736	-4,4	
			-0,0001734	0,3					-0,0001734	-4,4	
			-0,0001732	0,3					-0,0001732	-4,4	
			-0,000173	0,32					-0,000173	-4,2	
			-0,0001728	0,3					-0,0001728	-4,2	
			-0,0001726	0,28					-0,0001726	-4,2	
			-0,0001724	0,3					-0,0001724	-4	
			-0,0001722	0,3					-0,0001722	-4	
			-0,000172	0,26					-0,000172	-3,8	
			-0,0001718	0,28					-0,0001718	-4	
			-0,0001716	0,3					-0,0001716	-4	
			-0,0001714	0,26					-0,0001714	-3,6	
			-0,0001712	0,22					-0,0001712	-3,6	
			-0,000171	0,24					-0,000171	-3,8	
			-0,0001708	0,26					-0,0001708	-3,6	
			-0,0001706	0,22					-0,0001706	-3,4	
			-0,0001704	0,22					-0,0001704	-3,6	
			-0,0001702	0,22					-0,0001702	-3,4	
			-0,00017	0,22					-0,00017	-3,4	
			-0,0001698	0,22					-0,0001698	-3,4	
			-0,0001696	0,18					-0,0001696	-3,2	
			-0,0001694	0,2					-0,0001694	-3,2	
			-0,0001692	0,2					-0,0001692	-3	
			-0,000169	0,18					-0,000169	-3	
			-0,0001688	0,18					-0,0001688	-3	
			-0,0001686	0,18					-0,0001686	-3	
			-0,0001684	0,16					-0,0001684	-3	
			-0,0001682	0,16					-0,0001682	-2,8	
			-0,000168	0,16					-0,000168	-2,8	
			-0,0001678	0,16					-0,0001678	-2,6	
			-0,0001676	0,14					-0,0001676	-2,6	
			-0,0001674	0,16					-0,0001674	-2,6	
			-0,0001672	0,12					-0,0001672	-2,6	
			-0,000167	0,1					-0,000167	-2,4	
			-0,0001668	0,12					-0,0001668	-2,6	
			-0,0001666	0,1					-0,0001666	-2,6	
			-0,0001664	0,1					-0,0001664	-2,4	
			-0,0001662	0,1					-0,0001662	-2,2	
			-0,000166	0,1					-0,000166	-2,2	
			-0,0001658	0,08					-0,0001658	-2,2	
			-0,0001656	0,06					-0,0001656	-2	
			-0,0001654	0,06					-0,0001654	-2	
			-0,0001652	0,06					-0,0001652	-1,8	
			-0,000165	0,04					-0,000165	-2	
			-0,0001648	0,06					-0,0001648	-1,8	
			-0,0001646	0,06					-0,0001646	-1,8	
			-0,0001644	0,04					-0,0001644	-1,8	
			-0,0001642	0,06					-0,0001642	-1,8	
			-0,000164	0,02					-0,000164	-1,6	
			-0,0001638	0					-0,0001638	-1,6	
			-0,0001636	0					-0,0001636	-1,4	
			-0,0001634	0					-0,0001634	-1,4	
			-0,0001632	-0,02					-0,0001632	-1,2	
			-0,000163	-0,04					-0,000163	-1,2	
			-0,0001628	-0,02					-0,0001628	-1,2	
			-0,0001626	-0,02					-0,0001626	-1,2	
			-0,0001624	-0,04					-0,0001624	-1,2	
			-0,0001622	-0,04					-0,0001622	-1	
			-0,000162	-0,04					-0,000162	-1	
			-0,0001618	-0,02					-0,0001618	-1,2	
			-0,0001616	-0,04					-0,0001616	-0,8	
			-0,0001614	-0,06					-0,0001614	-0,6	
			-0,0001612	-0,06					-0,0001612	-0,6	
			-0,000161	-0,04					-0,000161	-0,6	
			-0,0001608	-0,08					-0,0001608	-0,6	
			-0,0001606	-0,06					-0,0001606	-0,6	
			-0,0001604	-0,1					-0,0001604	-0,6	
			-0,0001602	-0,08					-0,0001602	-0,4	
			-0,00016	-0,1					-0,00016	-0,4	
			-0,0001598	-0,12					-0,0001598	-0,6	
			-0,0001596	-0,12					-0,0001596	-0,4	
			-0,0001594	-0,12					-0,0001594	-0,2	
			-0,0001592	-0,1					-0,0001592	-0,2	
			-0,000159	-0,14					-0,000159	0	
			-0,0001588	-0,14					-0,0001588	0	
			-0,0001586	-0,14					-0,0001586	0	
			-0,0001584	-0,16					-0,0001584	0,2	
			-0,0001582	-0,14					-0,0001582	0,2	
			-0,000158	-0,16					-0,000158	0,4	
			-0,0001578	-0,18					-0,0001578	0,4	
			-0,0001576	-0,18					-0,0001576	0,4	
			-0,0001574	-0,18					-0,0001574	0,6	
			-0,0001572	-0,2					-0,0001572	0,4	
			-0,000157	-0,22					-0,000157	0,6	
			-0,0001568	-0,22					-0,0001568	0,6	
			-0,0001566	-0,18					-0,0001566	0,8	
			-0,0001564	-0,22					-0,0001564	0,8	
			-0,0001562	-0,2					-0,0001562	0,6	
			-0,000156	-0,22					-0,000156	0,6	
			-0,0001558	-0,22					-0,0001558	1	
			-0,0001556	-0,22					-0,0001556	1,2	
			-0,0001554	-0,26					-0,0001554	1,4	
			-0,0001552	-0,24					-0,0001552	1,2	
			-0,000155	-0,26					-0,000155	1	
			-0,0001548	-0,28					-0,0001548	1,2	
			-0,0001546	-0,28					-0,0001546	1,4	
			-0,0001544	-0,28					-0,0001544	1,4	
			-0,0001542	-0,28					-0,0001542	1,4	
			-0,000154	-0,28					-0,000154	1,6	
			-0,0001538	-0,28					-0,0001538	1,4	
			-0,0001536	-0,32					-0,0001536	1,6	
			-0,0001534	-0,32					-0,0001534	1,8	
			-0,0001532	-0,3					-0,0001532	2	
			-0,000153	-0,34					-0,000153	1,8	
			-0,0001528	-0,36					-0,0001528	1,8	
			-0,0001526	-0,36					-0,0001526	2	
			-0,0001524	-0,34					-0,0001524	1,8	
			-0,0001522	-0,34					-0,0001522	2	
			-0,000152	-0,32					-0,000152	2,2	
			-0,0001518	-0,36					-0,0001518	2,2	
			-0,0001516	-0,38					-0,0001516	2,4	
			-0,0001514	-0,4					-0,0001514	2,4	
			-0,0001512	-0,38					-0,0001512	2,4	
			-0,000151	-0,4					-0,000151	2,4	
			-0,0001508	-0,38					-0,0001508	2,4	
			-0,0001506	-0,4					-0,0001506	2,6	
			-0,0001504	-0,4					-0,0001504	2,6	
			-0,0001502	-0,42					-0,0001502	2,6	
			-0,00015	-0,4					-0,00015	2,8	
			-0,0001498	-0,44					-0,0001498	2,8	
			-0,0001496	-0,44					-0,0001496	2,8	
			-0,0001494	-0,42					-0,0001494	3	
			-0,0001492	-0,46					-0,0001492	3	
			-0,000149	-0,44					-0,000149	3	
			-0,0001488	-0,44					-0,0001488	3,2	
			-0,0001486	-0,46					-0,0001486	3,2	
			-0,0001484	-0,46					-0,0001484	3,2	
			-0,0001482	-0,48					-0,0001482	3,4	
			-0,000148	-0,48					-0,000148	3,2	
			-0,0001478	-0,48					-0,0001478	3,4	
			-0,0001476	-0,48					-0,0001476	3,6	
			-0,0001474	-0,48					-0,0001474	3,6	
			-0,0001472	-0,52					-0,0001472	3,8	
			-0,000147	-0,52					-0,000147	3,6	
			-0,0001468	-0,54					-0,0001468	3,6	
			-0,0001466	-0,52					-0,0001466	3,6	
			-0,0001464	-0,52					-0,0001464	3,8	
			-0,0001462	-0,54					-0,0001462	3,8	
			-0,000146	-0,54					-0,000146	3,8	
			-0,0001458	-0,56					-0,0001458	3,8	
			-0,0001456	-0,58					-0,0001456	3,8	
			-0,0001454	-0,56					-0,0001454	4	
			-0,0001452	-0,58					-0,0001452	4,2	
			-0,000145	-0,58					-0,000145	4,2	
			-0,0001448	-0,56					-0,0001448	4,2	
			-0,0001446	-0,56					-0,0001446	4,4	
			-0,0001444	-0,58					-0,0001444	4,4	
			-0,0001442	-0,62					-0,0001442	4,4	
			-0,000144	-0,62					-0,000144	4,4	
			-0,0001438	-0,62					-0,0001438	4,6	
			-0,0001436	-0,62					-0,0001436	4,4	
			-0,0001434	-0,66					-0,0001434	4,8	
			-0,0001432	-0,62					-0,0001432	4,4	
			-0,000143	-0,64					-0,000143	5	
			-0,0001428	-0,64					-0,0001428	4,8	
			-0,0001426	-0,66					-0,0001426	4,8	
			-0,0001424	-0,64					-0,0001424	5	
			-0,0001422	-0,66					-0,0001422	5	
			-0,000142	-0,66					-0,000142	5,2	
			-0,0001418	-0,66					-0,0001418	5	
			-0,0001416	-0,66					-0,0001416	4,8	
			-0,0001414	-0,68					-0,0001414	5,2	
			-0,0001412	-0,68					-0,0001412	5	
			-0,000141	-0,7					-0,000141	5,2	
			-0,0001408	-0,7					-0,0001408	5,2	
			-0,0001406	-0,7					-0,0001406	5,4	
			-0,0001404	-0,7					-0,0001404	5,4	
			-0,0001402	-0,72					-0,0001402	5,4	
			-0,00014	-0,7					-0,00014	5,4	
			-0,0001398	-0,72					-0,0001398	5,6	
			-0,0001396	-0,74					-0,0001396	5,6	
			-0,0001394	-0,74					-0,0001394	5,6	
			-0,0001392	-0,74					-0,0001392	5,8	
			-0,000139	-0,74					-0,000139	5,8	
			-0,0001388	-0,74					-0,0001388	5,6	
			-0,0001386	-0,74					-0,0001386	5,6	
			-0,0001384	-0,74					-0,0001384	5,8	
			-0,0001382	-0,78					-0,0001382	6	
			-0,000138	-0,78					-0,000138	6,2	
			-0,0001378	-0,78					-0,0001378	6	
			-0,0001376	-0,78					-0,0001376	6	
			-0,0001374	-0,78					-0,0001374	6	
			-0,0001372	-0,78					-0,0001372	6,2	
			-0,000137	-0,8					-0,000137	6,2	
			-0,0001368	-0,8					-0,0001368	6,4	
			-0,0001366	-0,8					-0,0001366	6,4	
			-0,0001364	-0,82					-0,0001364	6,2	
			-0,0001362	-0,82					-0,0001362	6,2	
			-0,000136	-0,82					-0,000136	6,2	
			-0,0001358	-0,82					-0,0001358	6,4	
			-0,0001356	-0,84					-0,0001356	6,6	
			-0,0001354	-0,82					-0,0001354	6,6	
			-0,0001352	-0,86					-0,0001352	6,6	
			-0,000135	-0,86					-0,000135	6,8	
			-0,0001348	-0,86					-0,0001348	6,6	
			-0,0001346	-0,86					-0,0001346	6,8	
			-0,0001344	-0,84					-0,0001344	6,6	
			-0,0001342	-0,9					-0,0001342	7	
			-0,000134	-0,86					-0,000134	7,2	
			-0,0001338	-0,9					-0,0001338	7	
			-0,0001336	-0,86					-0,0001336	7	
			-0,0001334	-0,86					-0,0001334	7,2	
			-0,0001332	-0,92					-0,0001332	7	
			-0,000133	-0,9					-0,000133	7,2	
			-0,0001328	-0,92					-0,0001328	7,2	
			-0,0001326	-0,9					-0,0001326	7,2	
			-0,0001324	-0,92					-0,0001324	7,2	
			-0,0001322	-0,9					-0,0001322	7,4	
			-0,000132	-0,92					-0,000132	7,4	
			-0,0001318	-0,94					-0,0001318	7,2	
			-0,0001316	-0,92					-0,0001316	7,4	
			-0,0001314	-0,94					-0,0001314	7,6	
			-0,0001312	-0,92					-0,0001312	7,4	
			-0,000131	-0,92					-0,000131	7,4	
			-0,0001308	-0,96					-0,0001308	7,6	
			-0,0001306	-0,96					-0,0001306	7,6	
			-0,0001304	-0,96					-0,0001304	7,6	
			-0,0001302	-0,94					-0,0001302	7,8	
			-0,00013	-0,96					-0,00013	7,8	
			-0,0001298	-0,94					-0,0001298	7,8	
			-0,0001296	-0,96					-0,0001296	7,8	
			-0,0001294	-0,96					-0,0001294	7,8	
			-0,0001292	-0,98					-0,0001292	8	
			-0,000129	-0,98					-0,000129	7,8	
			-0,0001288	-0,98					-0,0001288	7,8	
			-0,0001286	-0,98					-0,0001286	7,8	
			-0,0001284	-0,98					-0,0001284	7,8	
			-0,0001282	-1,02					-0,0001282	8	
			-0,000128	-1,02					-0,000128	7,8	
			-0,0001278	-0,98					-0,0001278	8,2	
			-0,0001276	-1					-0,0001276	8,2	
			-0,0001274	-1,04					-0,0001274	8	
			-0,0001272	-1,04					-0,0001272	8,4	
			-0,000127	-1,02					-0,000127	8,2	
			-0,0001268	-1,04					-0,0001268	8,2	
			-0,0001266	-1,04					-0,0001266	8,2	
			-0,0001264	-1,04					-0,0001264	8,2	
			-0,0001262	-1,04					-0,0001262	8,2	
			-0,000126	-1,04					-0,000126	8,2	
			-0,0001258	-1,04					-0,0001258	8,2	
			-0,0001256	-1,04					-0,0001256	8,2	
			-0,0001254	-1,06					-0,0001254	8,4	
			-0,0001252	-1,08					-0,0001252	8,4	
			-0,000125	-1,06					-0,000125	8,4	
			-0,0001248	-1,04					-0,0001248	8,8	
			-0,0001246	-1,04					-0,0001246	8,4	
			-0,0001244	-1,06					-0,0001244	8,6	
			-0,0001242	-1,06					-0,0001242	8,8	
			-0,000124	-1,08					-0,000124	8,6	
			-0,0001238	-1,08					-0,0001238	8,6	
			-0,0001236	-1,1					-0,0001236	8,6	
			-0,0001234	-1,1					-0,0001234	8,6	
			-0,0001232	-1,1					-0,0001232	8,6	
			-0,000123	-1,08					-0,000123	9	
			-0,0001228	-1,1					-0,0001228	8,8	
			-0,0001226	-1,12					-0,0001226	8,8	
			-0,0001224	-1,1					-0,0001224	8,8	
			-0,0001222	-1,1					-0,0001222	8,8	
			-0,000122	-1,12					-0,000122	8,8	
			-0,0001218	-1,1					-0,0001218	8,8	
			-0,0001216	-1,06					-0,0001216	8,8	
			-0,0001214	-1,1					-0,0001214	8,8	
			-0,0001212	-1,1					-0,0001212	8,8	
			-0,000121	-1,12					-0,000121	8,8	
			-0,0001208	-1,14					-0,0001208	8,8	
			-0,0001206	-1,12					-0,0001206	8,8	
			-0,0001204	-1,12					-0,0001204	8,8	
			-0,0001202	-1,12					-0,0001202	8,8	
			-0,00012	-1,1					-0,00012	8,8	
			-0,0001198	-1,14					-0,0001198	8,8	
			-0,0001196	-1,12					-0,0001196	9	
			-0,0001194	-1,12					-0,0001194	8,8	
			-0,0001192	-1,12					-0,0001192	9	
			-0,000119	-1,14					-0,000119	9	
			-0,0001188	-1,14					-0,0001188	9,2	
			-0,0001186	-1,12					-0,0001186	9	
			-0,0001184	-1,14					-0,0001184	9	
			-0,0001182	-1,14					-0,0001182	9	
			-0,000118	-1,14					-0,000118	9	
			-0,0001178	-1,14					-0,0001178	9	
			-0,0001176	-1,14					-0,0001176	9,2	
			-0,0001174	-1,16					-0,0001174	9,2	
			-0,0001172	-1,16					-0,0001172	9	
			-0,000117	-1,16					-0,000117	9	
			-0,0001168	-1,16					-0,0001168	9,2	
			-0,0001166	-1,16					-0,0001166	8,8	
			-0,0001164	-1,14					-0,0001164	9,2	
			-0,0001162	-1,18					-0,0001162	9,2	
			-0,000116	-1,16					-0,000116	9	
			-0,0001158	-1,18					-0,0001158	9	
			-0,0001156	-1,18					-0,0001156	9,2	
			-0,0001154	-1,18					-0,0001154	9	
			-0,0001152	-1,16					-0,0001152	9	
			-0,000115	-1,16					-0,000115	9	
			-0,0001148	-1,18					-0,0001148	8,8	
			-0,0001146	-1,18					-0,0001146	9	
			-0,0001144	-1,16					-0,0001144	9,2	
			-0,0001142	-1,16					-0,0001142	9,2	
			-0,000114	-1,18					-0,000114	9,4	
			-0,0001138	-1,18					-0,0001138	8,8	
			-0,0001136	-1,16					-0,0001136	9	
			-0,0001134	-1,18					-0,0001134	9,2	
			-0,0001132	-1,18					-0,0001132	9	
			-0,000113	-1,18					-0,000113	9,2	
			-0,0001128	-1,2					-0,0001128	9	
			-0,0001126	-1,16					-0,0001126	9,2	
			-0,0001124	-1,18					-0,0001124	9,2	
			-0,0001122	-1,2					-0,0001122	9,2	
			-0,000112	-1,18					-0,000112	9,2	
			-0,0001118	-1,18					-0,0001118	9,2	
			-0,0001116	-1,18					-0,0001116	9,2	
			-0,0001114	-1,2					-0,0001114	9	
			-0,0001112	-1,18					-0,0001112	9	
			-0,000111	-1,2					-0,000111	9	
			-0,0001108	-1,2					-0,0001108	9	
			-0,0001106	-1,18					-0,0001106	9	
			-0,0001104	-1,18					-0,0001104	9	
			-0,0001102	-1,2					-0,0001102	9,2	
			-0,00011	-1,18					-0,00011	9	
			-0,0001098	-1,2					-0,0001098	9	
			-0,0001096	-1,18					-0,0001096	9	
			-0,0001094	-1,18					-0,0001094	9,2	
			-0,0001092	-1,18					-0,0001092	9	
			-0,000109	-1,2					-0,000109	9,2	
			-0,0001088	-1,2					-0,0001088	9	
			-0,0001086	-1,2					-0,0001086	9	
			-0,0001084	-1,2					-0,0001084	9,2	
			-0,0001082	-1,2					-0,0001082	9,2	
			-0,000108	-1,18					-0,000108	9,2	
			-0,0001078	-1,2					-0,0001078	9	
			-0,0001076	-1,18					-0,0001076	9	
			-0,0001074	-1,18					-0,0001074	9,4	
			-0,0001072	-1,18					-0,0001072	9,2	
			-0,000107	-1,16					-0,000107	9	
			-0,0001068	-1,18					-0,0001068	9,2	
			-0,0001066	-1,2					-0,0001066	9,2	
			-0,0001064	-1,18					-0,0001064	9,2	
			-0,0001062	-1,2					-0,0001062	9,4	
			-0,000106	-1,18					-0,000106	9	
			-0,0001058	-1,18					-0,0001058	9,2	
			-0,0001056	-1,22					-0,0001056	9	
			-0,0001054	-1,18					-0,0001054	9,2	
			-0,0001052	-1,18					-0,0001052	9,2	
			-0,000105	-1,2					-0,000105	9,2	
			-0,0001048	-1,18					-0,0001048	8,8	
			-0,0001046	-1,16					-0,0001046	9	
			-0,0001044	-1,18					-0,0001044	9,2	
			-0,0001042	-1,16					-0,0001042	9,2	
			-0,000104	-1,16					-0,000104	9,4	
			-0,0001038	-1,2					-0,0001038	9	
			-0,0001036	-1,18					-0,0001036	9	
			-0,0001034	-1,2					-0,0001034	9,2	
			-0,0001032	-1,18					-0,0001032	9,2	
			-0,000103	-1,16					-0,000103	9	
			-0,0001028	-1,18					-0,0001028	9	
			-0,0001026	-1,2					-0,0001026	9,2	
			-0,0001024	-1,2					-0,0001024	9,4	
			-0,0001022	-1,2					-0,0001022	9,2	
			-0,000102	-1,18					-0,000102	9,2	
			-0,0001018	-1,18					-0,0001018	9	
			-0,0001016	-1,18					-0,0001016	9,2	
			-0,0001014	-1,18					-0,0001014	9	
			-0,0001012	-1,14					-0,0001012	9,2	
			-0,000101	-1,18					-0,000101	9,2	
			-0,0001008	-1,18					-0,0001008	9	
			-0,0001006	-1,18					-0,0001006	9	
			-0,0001004	-1,18					-0,0001004	8,8	
			-0,0001002	-1,14					-0,0001002	9,2	
			-0,0001	-1,16					-0,0001	9,2	
			-9,98e-005	-1,18					-9,98e-005	9,2	
			-9,96e-005	-1,18					-9,96e-005	9	
			-9,94e-005	-1,18					-9,94e-005	9	
			-9,92e-005	-1,16					-9,92e-005	9	
			-9,9e-005	-1,18					-9,9e-005	9,2	
			-9,88e-005	-1,16					-9,88e-005	9	
			-9,86e-005	-1,16					-9,86e-005	9,2	
			-9,84e-005	-1,16					-9,84e-005	9,2	
			-9,82e-005	-1,18					-9,82e-005	9,2	
			-9,8e-005	-1,16					-9,8e-005	9,2	
			-9,78e-005	-1,16					-9,78e-005	9	
			-9,76e-005	-1,14					-9,76e-005	9,2	
			-9,74e-005	-1,16					-9,74e-005	9,2	
			-9,72e-005	-1,16					-9,72e-005	9,2	
			-9,7e-005	-1,14					-9,7e-005	9,2	
			-9,68e-005	-1,14					-9,68e-005	9,2	
			-9,66e-005	-1,12					-9,66e-005	8,8	
			-9,64e-005	-1,14					-9,64e-005	9,2	
			-9,62e-005	-1,14					-9,62e-005	9,2	
			-9,6e-005	-1,14					-9,6e-005	9	
			-9,58e-005	-1,16					-9,58e-005	9	
			-9,56e-005	-1,18					-9,56e-005	9,2	
			-9,54e-005	-1,14					-9,54e-005	9	
			-9,52e-005	-1,12					-9,52e-005	9,2	
			-9,5e-005	-1,14					-9,5e-005	8,8	
			-9,48e-005	-1,16					-9,48e-005	9,2	
			-9,46e-005	-1,12					-9,46e-005	9,2	
			-9,44e-005	-1,12					-9,44e-005	9,2	
			-9,42e-005	-1,12					-9,42e-005	9,2	
			-9,4e-005	-1,14					-9,4e-005	8,8	
			-9,38e-005	-1,12					-9,38e-005	9	
			-9,36e-005	-1,12					-9,36e-005	9	
			-9,34e-005	-1,14					-9,34e-005	8,8	
			-9,32e-005	-1,14					-9,32e-005	8,8	
			-9,3e-005	-1,08					-9,3e-005	8,8	
			-9,28e-005	-1,1					-9,28e-005	8,8	
			-9,26e-005	-1,1					-9,26e-005	9	
			-9,24e-005	-1,14					-9,24e-005	8,8	
			-9,22e-005	-1,12					-9,22e-005	8,8	
			-9,2e-005	-1,08					-9,2e-005	8,8	
			-9,18e-005	-1,08					-9,18e-005	8,8	
			-9,16e-005	-1,1					-9,16e-005	8,6	
			-9,14e-005	-1,1					-9,14e-005	8,8	
			-9,12e-005	-1,1					-9,12e-005	9	
			-9,1e-005	-1,08					-9,1e-005	8,6	
			-9,08e-005	-1,08					-9,08e-005	8,8	
			-9,06e-005	-1,06					-9,06e-005	8,8	
			-9,04e-005	-1,1					-9,04e-005	8,8	
			-9,02e-005	-1,08					-9,02e-005	8,8	
			-9e-005	-1,06					-9e-005	8,8	
			-8,98e-005	-1,06					-8,98e-005	8,4	
			-8,96e-005	-1,04					-8,96e-005	8,8	
			-8,94e-005	-1,06					-8,94e-005	8,8	
			-8,92e-005	-1,06					-8,92e-005	8,8	
			-8,9e-005	-1,06					-8,9e-005	9	
			-8,88e-005	-1,06					-8,88e-005	8,8	
			-8,86e-005	-1,06					-8,86e-005	8,4	
			-8,84e-005	-1,04					-8,84e-005	8,6	
			-8,82e-005	-1,02					-8,82e-005	8,8	
			-8,8e-005	-1,04					-8,8e-005	8,4	
			-8,78e-005	-1,08					-8,78e-005	8,6	
			-8,76e-005	-1,06					-8,76e-005	8,6	
			-8,74e-005	-1,04					-8,74e-005	8,4	
			-8,72e-005	-1,04					-8,72e-005	8,4	
			-8,7e-005	-1,04					-8,7e-005	8,6	
			-8,68e-005	-1,04					-8,68e-005	8,6	
			-8,66e-005	-1,02					-8,66e-005	8,6	
			-8,64e-005	-1					-8,64e-005	8,4	
			-8,62e-005	-1					-8,62e-005	8,2	
			-8,6e-005	-1					-8,6e-005	8,4	
			-8,58e-005	-1,02					-8,58e-005	8,4	
			-8,56e-005	-1					-8,56e-005	8,4	
			-8,54e-005	-1					-8,54e-005	8,4	
			-8,52e-005	-1					-8,52e-005	8,4	
			-8,5e-005	-0,98					-8,5e-005	8,4	
			-8,48e-005	-0,98					-8,48e-005	8	
			-8,46e-005	-0,98					-8,46e-005	8	
			-8,44e-005	-0,98					-8,44e-005	8,2	
			-8,42e-005	-0,98					-8,42e-005	8,2	
			-8,4e-005	-0,98					-8,4e-005	8	
			-8,38e-005	-0,98					-8,38e-005	8,2	
			-8,36e-005	-0,96					-8,36e-005	8	
			-8,34e-005	-0,96					-8,34e-005	8	
			-8,32e-005	-0,94					-8,32e-005	8	
			-8,3e-005	-0,94					-8,3e-005	8	
			-8,28e-005	-0,9					-8,28e-005	7,8	
			-8,26e-005	-0,94					-8,26e-005	7,6	
			-8,24e-005	-0,96					-8,24e-005	8	
			-8,22e-005	-0,9					-8,22e-005	7,8	
			-8,2e-005	-0,92					-8,2e-005	7,8	
			-8,18e-005	-0,9					-8,18e-005	7,8	
			-8,16e-005	-0,9					-8,16e-005	7,8	
			-8,14e-005	-0,88					-8,14e-005	7,6	
			-8,12e-005	-0,92					-8,12e-005	7,6	
			-8,1e-005	-0,88					-8,1e-005	7,4	
			-8,08e-005	-0,88					-8,08e-005	7,8	
			-8,06e-005	-0,9					-8,06e-005	7,4	
			-8,04e-005	-0,88					-8,04e-005	7,6	
			-8,02e-005	-0,9					-8,02e-005	7,6	
			-8e-005	-0,88					-8e-005	7,4	
			-7,98e-005	-0,88					-7,98e-005	7,4	
			-7,96e-005	-0,88					-7,96e-005	7,4	
			-7,94e-005	-0,86					-7,94e-005	7,2	
			-7,92e-005	-0,88					-7,92e-005	7,4	
			-7,9e-005	-0,86					-7,9e-005	7	
			-7,88e-005	-0,86					-7,88e-005	7,2	
			-7,86e-005	-0,86					-7,86e-005	7,4	
			-7,84e-005	-0,84					-7,84e-005	7	
			-7,82e-005	-0,84					-7,82e-005	7	
			-7,8e-005	-0,82					-7,8e-005	7	
			-7,78e-005	-0,84					-7,78e-005	7,2	
			-7,76e-005	-0,84					-7,76e-005	7,2	
			-7,74e-005	-0,82					-7,74e-005	7,2	
			-7,72e-005	-0,8					-7,72e-005	6,8	
			-7,7e-005	-0,78					-7,7e-005	7	
			-7,68e-005	-0,82					-7,68e-005	6,8	
			-7,66e-005	-0,8					-7,66e-005	6,6	
			-7,64e-005	-0,82					-7,64e-005	6,6	
			-7,62e-005	-0,78					-7,62e-005	6,6	
			-7,6e-005	-0,78					-7,6e-005	6,8	
			-7,58e-005	-0,78					-7,58e-005	6,6	
			-7,56e-005	-0,76					-7,56e-005	6,6	
			-7,54e-005	-0,74					-7,54e-005	6,4	
			-7,52e-005	-0,74					-7,52e-005	6,4	
			-7,5e-005	-0,78					-7,5e-005	6,2	
			-7,48e-005	-0,74					-7,48e-005	6,2	
			-7,46e-005	-0,76					-7,46e-005	6,4	
			-7,44e-005	-0,74					-7,44e-005	6,2	
			-7,42e-005	-0,74					-7,42e-005	6	
			-7,4e-005	-0,74					-7,4e-005	6,2	
			-7,38e-005	-0,74					-7,38e-005	6	
			-7,36e-005	-0,72					-7,36e-005	6	
			-7,34e-005	-0,72					-7,34e-005	6	
			-7,32e-005	-0,7					-7,32e-005	5,8	
			-7,3e-005	-0,7					-7,3e-005	6	
			-7,28e-005	-0,68					-7,28e-005	6	
			-7,26e-005	-0,68					-7,26e-005	6	
			-7,24e-005	-0,68					-7,24e-005	5,8	
			-7,22e-005	-0,68					-7,22e-005	5,8	
			-7,2e-005	-0,66					-7,2e-005	5,6	
			-7,18e-005	-0,7					-7,18e-005	5,6	
			-7,16e-005	-0,68					-7,16e-005	5,6	
			-7,14e-005	-0,66					-7,14e-005	5,6	
			-7,12e-005	-0,66					-7,12e-005	5,6	
			-7,1e-005	-0,66					-7,1e-005	5,6	
			-7,08e-005	-0,68					-7,08e-005	5,4	
			-7,06e-005	-0,64					-7,06e-005	5,2	
			-7,04e-005	-0,62					-7,04e-005	5,4	
			-7,02e-005	-0,6					-7,02e-005	5,4	
			-7e-005	-0,62					-7e-005	5	
			-6,98e-005	-0,6					-6,98e-005	5,2	
			-6,96e-005	-0,58					-6,96e-005	5,2	
			-6,94e-005	-0,6					-6,94e-005	5	
			-6,92e-005	-0,6					-6,92e-005	5	
			-6,9e-005	-0,58					-6,9e-005	5	
			-6,88e-005	-0,58					-6,88e-005	4,6	
			-6,86e-005	-0,58					-6,86e-005	5	
			-6,84e-005	-0,6					-6,84e-005	4,8	
			-6,82e-005	-0,58					-6,82e-005	4,8	
			-6,8e-005	-0,58					-6,8e-005	4,6	
			-6,78e-005	-0,54					-6,78e-005	4,8	
			-6,76e-005	-0,56					-6,76e-005	4,6	
			-6,74e-005	-0,54					-6,74e-005	4,6	
			-6,72e-005	-0,54					-6,72e-005	4,4	
			-6,7e-005	-0,56					-6,7e-005	4,4	
			-6,68e-005	-0,54					-6,68e-005	4,2	
			-6,66e-005	-0,54					-6,66e-005	4,2	
			-6,64e-005	-0,52					-6,64e-005	4,2	
			-6,62e-005	-0,5					-6,62e-005	4,4	
			-6,6e-005	-0,52					-6,6e-005	4	
			-6,58e-005	-0,52					-6,58e-005	4	
			-6,56e-005	-0,5					-6,56e-005	4	
			-6,54e-005	-0,46					-6,54e-005	3,8	
			-6,52e-005	-0,46					-6,52e-005	3,8	
			-6,5e-005	-0,48					-6,5e-005	3,8	
			-6,48e-005	-0,46					-6,48e-005	3,8	
			-6,46e-005	-0,44					-6,46e-005	3,6	
			-6,44e-005	-0,44					-6,44e-005	3,8	
			-6,42e-005	-0,46					-6,42e-005	3,6	
			-6,4e-005	-0,44					-6,4e-005	3,6	
			-6,38e-005	-0,44					-6,38e-005	3,6	
			-6,36e-005	-0,44					-6,36e-005	3,4	
			-6,34e-005	-0,44					-6,34e-005	3,4	
			-6,32e-005	-0,42					-6,32e-005	3,4	
			-6,3e-005	-0,4					-6,3e-005	3,2	
			-6,28e-005	-0,42					-6,28e-005	3,2	
			-6,26e-005	-0,42					-6,26e-005	3	
			-6,24e-005	-0,4					-6,24e-005	3	
			-6,22e-005	-0,42					-6,22e-005	3	
			-6,2e-005	-0,38					-6,2e-005	3	
			-6,18e-005	-0,38					-6,18e-005	3	
			-6,16e-005	-0,36					-6,16e-005	3	
			-6,14e-005	-0,36					-6,14e-005	2,8	
			-6,12e-005	-0,34					-6,12e-005	2,8	
			-6,1e-005	-0,36					-6,1e-005	2,6	
			-6,08e-005	-0,34					-6,08e-005	2,8	
			-6,06e-005	-0,34					-6,06e-005	2,8	
			-6,04e-005	-0,34					-6,04e-005	2,6	
			-6,02e-005	-0,34					-6,02e-005	2,4	
			-6e-005	-0,34					-6e-005	2,2	
			-5,98e-005	-0,32					-5,98e-005	2,4	
			-5,96e-005	-0,3					-5,96e-005	2,4	
			-5,94e-005	-0,32					-5,94e-005	2,2	
			-5,92e-005	-0,28					-5,92e-005	2,4	
			-5,9e-005	-0,32					-5,9e-005	2,2	
			-5,88e-005	-0,3					-5,88e-005	2	
			-5,86e-005	-0,28					-5,86e-005	2,2	
			-5,84e-005	-0,28					-5,84e-005	2	
			-5,82e-005	-0,28					-5,82e-005	2	
			-5,8e-005	-0,26					-5,8e-005	2	
			-5,78e-005	-0,26					-5,78e-005	1,8	
			-5,76e-005	-0,24					-5,76e-005	1,6	
			-5,74e-005	-0,24					-5,74e-005	1,6	
			-5,72e-005	-0,24					-5,72e-005	1,6	
			-5,7e-005	-0,24					-5,7e-005	1,8	
			-5,68e-005	-0,2					-5,68e-005	1,4	
			-5,66e-005	-0,22					-5,66e-005	1,4	
			-5,64e-005	-0,22					-5,64e-005	1,4	
			-5,62e-005	-0,18					-5,62e-005	1,4	
			-5,6e-005	-0,22					-5,6e-005	1,4	
			-5,58e-005	-0,22					-5,58e-005	1,2	
			-5,56e-005	-0,18					-5,56e-005	1,2	
			-5,54e-005	-0,22					-5,54e-005	1,2	
			-5,52e-005	-0,16					-5,52e-005	1	
			-5,5e-005	-0,18					-5,5e-005	1	
			-5,48e-005	-0,18					-5,48e-005	1	
			-5,46e-005	-0,14					-5,46e-005	0,8	
			-5,44e-005	-0,14					-5,44e-005	0,6	
			-5,42e-005	-0,16					-5,42e-005	0,8	
			-5,4e-005	-0,12					-5,4e-005	0,8	
			-5,38e-005	-0,14					-5,38e-005	0,4	
			-5,36e-005	-0,12					-5,36e-005	0,6	
			-5,34e-005	-0,1					-5,34e-005	0,4	
			-5,32e-005	-0,12					-5,32e-005	0,6	
			-5,3e-005	-0,08					-5,3e-005	0,2	
			-5,28e-005	-0,12					-5,28e-005	0,4	
			-5,26e-005	-0,1					-5,26e-005	0,2	
			-5,24e-005	-0,08					-5,24e-005	0,2	
			-5,22e-005	-0,06					-5,22e-005	0	
			-5,2e-005	-0,08					-5,2e-005	0,2	
			-5,18e-005	-0,04					-5,18e-005	0	
			-5,16e-005	-0,08					-5,16e-005	-0,2	
			-5,14e-005	-0,04					-5,14e-005	0	
			-5,12e-005	-0,06					-5,12e-005	-0,4	
			-5,1e-005	-0,04					-5,1e-005	-0,4	
			-5,08e-005	-0,02					-5,08e-005	-0,4	
			-5,06e-005	-0,02					-5,06e-005	-0,4	
			-5,04e-005	-0,02					-5,04e-005	-0,4	
			-5,02e-005	0					-5,02e-005	-0,4	
			-5e-005	-0,02					-5e-005	-0,4	
			-4,98e-005	0,02					-4,98e-005	-0,4	
			-4,96e-005	0,02					-4,96e-005	-0,6	
			-4,94e-005	0,02					-4,94e-005	-0,6	
			-4,92e-005	0					-4,92e-005	-0,8	
			-4,9e-005	0					-4,9e-005	-0,8	
			-4,88e-005	0,06					-4,88e-005	-0,8	
			-4,86e-005	0,04					-4,86e-005	-0,8	
			-4,84e-005	0,04					-4,84e-005	-1	
			-4,82e-005	0,06					-4,82e-005	-1	
			-4,8e-005	0,08					-4,8e-005	-1,2	
			-4,78e-005	0,08					-4,78e-005	-1,2	
			-4,76e-005	0,06					-4,76e-005	-1,4	
			-4,74e-005	0,08					-4,74e-005	-1,2	
			-4,72e-005	0,08					-4,72e-005	-1,4	
			-4,7e-005	0,08					-4,7e-005	-1,4	
			-4,68e-005	0,1					-4,68e-005	-1,4	
			-4,66e-005	0,08					-4,66e-005	-1,6	
			-4,64e-005	0,08					-4,64e-005	-1,6	
			-4,62e-005	0,1					-4,62e-005	-1,4	
			-4,6e-005	0,12					-4,6e-005	-1,8	
			-4,58e-005	0,12					-4,58e-005	-1,8	
			-4,56e-005	0,12					-4,56e-005	-1,8	
			-4,54e-005	0,14					-4,54e-005	-1,6	
			-4,52e-005	0,14					-4,52e-005	-2	
			-4,5e-005	0,14					-4,5e-005	-2,2	
			-4,48e-005	0,16					-4,48e-005	-2	
			-4,46e-005	0,16					-4,46e-005	-1,8	
			-4,44e-005	0,14					-4,44e-005	-2	
			-4,42e-005	0,16					-4,42e-005	-2,2	
			-4,4e-005	0,16					-4,4e-005	-2,2	
			-4,38e-005	0,18					-4,38e-005	-2,2	
			-4,36e-005	0,18					-4,36e-005	-2,4	
			-4,34e-005	0,2					-4,34e-005	-2,6	
			-4,32e-005	0,22					-4,32e-005	-2,6	
			-4,3e-005	0,2					-4,3e-005	-2,6	
			-4,28e-005	0,2					-4,28e-005	-2,6	
			-4,26e-005	0,22					-4,26e-005	-2,6	
			-4,24e-005	0,22					-4,24e-005	-2,8	
			-4,22e-005	0,22					-4,22e-005	-2,8	
			-4,2e-005	0,24					-4,2e-005	-2,8	
			-4,18e-005	0,26					-4,18e-005	-2,8	
			-4,16e-005	0,24					-4,16e-005	-3	
			-4,14e-005	0,24					-4,14e-005	-3	
			-4,12e-005	0,26					-4,12e-005	-3	
			-4,1e-005	0,26					-4,1e-005	-3	
			-4,08e-005	0,28					-4,08e-005	-3	
			-4,06e-005	0,26					-4,06e-005	-3,2	
			-4,04e-005	0,28					-4,04e-005	-3,2	
			-4,02e-005	0,3					-4,02e-005	-3,4	
			-4e-005	0,28					-4e-005	-3,4	
			-3,98e-005	0,28					-3,98e-005	-3,4	
			-3,96e-005	0,28					-3,96e-005	-3,4	
			-3,94e-005	0,32					-3,94e-005	-3,8	
			-3,92e-005	0,3					-3,92e-005	-3,4	
			-3,9e-005	0,32					-3,9e-005	-3,6	
			-3,88e-005	0,32					-3,88e-005	-3,8	
			-3,86e-005	0,34					-3,86e-005	-3,8	
			-3,84e-005	0,34					-3,84e-005	-3,8	
			-3,82e-005	0,34					-3,82e-005	-3,8	
			-3,8e-005	0,36					-3,8e-005	-4	
			-3,78e-005	0,38					-3,78e-005	-4	
			-3,76e-005	0,34					-3,76e-005	-4	
			-3,74e-005	0,38					-3,74e-005	-4	
			-3,72e-005	0,38					-3,72e-005	-4,2	
			-3,7e-005	0,38					-3,7e-005	-4,4	
			-3,68e-005	0,36					-3,68e-005	-4,4	
			-3,66e-005	0,38					-3,66e-005	-4,4	
			-3,64e-005	0,4					-3,64e-005	-4,4	
			-3,62e-005	0,38					-3,62e-005	-4,4	
			-3,6e-005	0,4					-3,6e-005	-4,4	
			-3,58e-005	0,4					-3,58e-005	-4,6	
			-3,56e-005	0,42					-3,56e-005	-4,6	
			-3,54e-005	0,42					-3,54e-005	-4,6	
			-3,52e-005	0,44					-3,52e-005	-4,6	
			-3,5e-005	0,42					-3,5e-005	-4,8	
			-3,48e-005	0,44					-3,48e-005	-5	
			-3,46e-005	0,46					-3,46e-005	-4,8	
			-3,44e-005	0,48					-3,44e-005	-5	
			-3,42e-005	0,44					-3,42e-005	-5	
			-3,4e-005	0,46					-3,4e-005	-5,2	
			-3,38e-005	0,46					-3,38e-005	-5,2	
			-3,36e-005	0,5					-3,36e-005	-5	
			-3,34e-005	0,46					-3,34e-005	-5,2	
			-3,32e-005	0,48					-3,32e-005	-5,2	
			-3,3e-005	0,48					-3,3e-005	-5,4	
			-3,28e-005	0,46					-3,28e-005	-5,2	
			-3,26e-005	0,48					-3,26e-005	-5,4	
			-3,24e-005	0,48					-3,24e-005	-5,4	
			-3,22e-005	0,5					-3,22e-005	-5,6	
			-3,2e-005	0,52					-3,2e-005	-5,4	
			-3,18e-005	0,48					-3,18e-005	-5,6	
			-3,16e-005	0,54					-3,16e-005	-5,6	
			-3,14e-005	0,5					-3,14e-005	-5,8	
			-3,12e-005	0,54					-3,12e-005	-6	
			-3,1e-005	0,52					-3,1e-005	-5,8	
			-3,08e-005	0,54					-3,08e-005	-5,8	
			-3,06e-005	0,54					-3,06e-005	-5,8	
			-3,04e-005	0,54					-3,04e-005	-5,6	
			-3,02e-005	0,54					-3,02e-005	-6,2	
			-3e-005	0,54					-3e-005	-6,2	
			-2,98e-005	0,56					-2,98e-005	-6	
			-2,96e-005	0,56					-2,96e-005	-6,2	
			-2,94e-005	0,58					-2,94e-005	-6,2	
			-2,92e-005	0,6					-2,92e-005	-6	
			-2,9e-005	0,58					-2,9e-005	-6,2	
			-2,88e-005	0,58					-2,88e-005	-6	
			-2,86e-005	0,58					-2,86e-005	-6,2	
			-2,84e-005	0,6					-2,84e-005	-6,6	
			-2,82e-005	0,58					-2,82e-005	-6,4	
			-2,8e-005	0,62					-2,8e-005	-6,6	
			-2,78e-005	0,58					-2,78e-005	-6,6	
			-2,76e-005	0,6					-2,76e-005	-6,6	
			-2,74e-005	0,62					-2,74e-005	-6,6	
			-2,72e-005	0,62					-2,72e-005	-6,8	
			-2,7e-005	0,6					-2,7e-005	-6,8	
			-2,68e-005	0,62					-2,68e-005	-6,8	
			-2,66e-005	0,62					-2,66e-005	-6,8	
			-2,64e-005	0,6					-2,64e-005	-6,8	
			-2,62e-005	0,64					-2,62e-005	-7	
			-2,6e-005	0,62					-2,6e-005	-6,8	
			-2,58e-005	0,66					-2,58e-005	-6,8	
			-2,56e-005	0,66					-2,56e-005	-7	
			-2,54e-005	0,64					-2,54e-005	-7,2	
			-2,52e-005	0,66					-2,52e-005	-7,2	
			-2,5e-005	0,68					-2,5e-005	-7,2	
			-2,48e-005	0,68					-2,48e-005	-7,2	
			-2,46e-005	0,68					-2,46e-005	-7,2	
			-2,44e-005	0,66					-2,44e-005	-7,2	
			-2,42e-005	0,66					-2,42e-005	-7,4	
			-2,4e-005	0,7					-2,4e-005	-7,4	
			-2,38e-005	0,68					-2,38e-005	-7,2	
			-2,36e-005	0,68					-2,36e-005	-7,4	
			-2,34e-005	0,7					-2,34e-005	-7,4	
			-2,32e-005	0,72					-2,32e-005	-7,6	
			-2,3e-005	0,72					-2,3e-005	-7,6	
			-2,28e-005	0,72					-2,28e-005	-7,6	
			-2,26e-005	0,7					-2,26e-005	-7,6	
			-2,24e-005	0,72					-2,24e-005	-7,8	
			-2,22e-005	0,72					-2,22e-005	-7,6	
			-2,2e-005	0,76					-2,2e-005	-8	
			-2,18e-005	0,76					-2,18e-005	-7,8	
			-2,16e-005	0,74					-2,16e-005	-7,8	
			-2,14e-005	0,74					-2,14e-005	-7,8	
			-2,12e-005	0,76					-2,12e-005	-8	
			-2,1e-005	0,76					-2,1e-005	-8	
			-2,08e-005	0,74					-2,08e-005	-8	
			-2,06e-005	0,76					-2,06e-005	-8	
			-2,04e-005	0,76					-2,04e-005	-8	
			-2,02e-005	0,72					-2,02e-005	-8,2	
			-2e-005	0,76					-2e-005	-8,2	
			-1,98e-005	0,8					-1,98e-005	-8,2	
			-1,96e-005	0,78					-1,96e-005	-8,2	
			-1,94e-005	0,8					-1,94e-005	-8,4	
			-1,92e-005	0,78					-1,92e-005	-8,4	
			-1,9e-005	0,78					-1,9e-005	-8,4	
			-1,88e-005	0,8					-1,88e-005	-8,2	
			-1,86e-005	0,78					-1,86e-005	-8,4	
			-1,84e-005	0,8					-1,84e-005	-8,6	
			-1,82e-005	0,8					-1,82e-005	-8,4	
			-1,8e-005	0,86					-1,8e-005	-8,4	
			-1,78e-005	0,82					-1,78e-005	-8,6	
			-1,76e-005	0,82					-1,76e-005	-8,6	
			-1,74e-005	0,82					-1,74e-005	-8,6	
			-1,72e-005	0,82					-1,72e-005	-8,8	
			-1,7e-005	0,84					-1,7e-005	-8,8	
			-1,68e-005	0,82					-1,68e-005	-8,8	
			-1,66e-005	0,84					-1,66e-005	-8,8	
			-1,64e-005	0,84					-1,64e-005	-8,8	
			-1,62e-005	0,84					-1,62e-005	-9	
			-1,6e-005	0,82					-1,6e-005	-9	
			-1,58e-005	0,84					-1,58e-005	-8,8	
			-1,56e-005	0,84					-1,56e-005	-8,8	
			-1,54e-005	0,84					-1,54e-005	-8,8	
			-1,52e-005	0,84					-1,52e-005	-9	
			-1,5e-005	0,84					-1,5e-005	-9	
			-1,48e-005	0,88					-1,48e-005	-9	
			-1,46e-005	0,86					-1,46e-005	-9	
			-1,44e-005	0,84					-1,44e-005	-9	
			-1,42e-005	0,84					-1,42e-005	-8,8	
			-1,4e-005	0,88					-1,4e-005	-8,8	
			-1,38e-005	0,86					-1,38e-005	-9	
			-1,36e-005	0,86					-1,36e-005	-9	
			-1,34e-005	0,86					-1,34e-005	-9	
			-1,32e-005	0,88					-1,32e-005	-9	
			-1,3e-005	0,86					-1,3e-005	-9	
			-1,28e-005	0,86					-1,28e-005	-9	
			-1,26e-005	0,88					-1,26e-005	-8,8	
			-1,24e-005	0,88					-1,24e-005	-9	
			-1,22e-005	0,88					-1,22e-005	-9	
			-1,2e-005	0,86					-1,2e-005	-9,2	
			-1,18e-005	0,88					-1,18e-005	-8,8	
			-1,16e-005	0,88					-1,16e-005	-8,6	
			-1,14e-005	0,9					-1,14e-005	-9	
			-1,12e-005	0,9					-1,12e-005	-8,8	
			-1,1e-005	0,9					-1,1e-005	-8,8	
			-1,08e-005	0,92					-1,08e-005	-9	
			-1,06e-005	0,88					-1,06e-005	-9	
			-1,04e-005	0,9					-1,04e-005	-8,8	
			-1,02e-005	0,92					-1,02e-005	-9	
			-9,99998e-006	0,92					-9,99998e-006	-9	
			-9,79998e-006	0,94					-9,79998e-006	-9	
			-9,59998e-006	0,9					-9,59998e-006	-9	
			-9,39998e-006	0,92					-9,39998e-006	-9	
			-9,19998e-006	0,92					-9,19998e-006	-9	
			-8,99998e-006	0,92					-8,99998e-006	-8,8	
			-8,79998e-006	0,94					-8,79998e-006	-9	
			-8,59998e-006	0,92					-8,59998e-006	-9,2	
			-8,39998e-006	0,92					-8,39998e-006	-8,8	
			-8,19998e-006	0,92					-8,19998e-006	-9	
			-7,99998e-006	0,94					-7,99998e-006	-8,8	
			-7,79998e-006	0,92					-7,79998e-006	-9	
			-7,59998e-006	0,94					-7,59998e-006	-9	
			-7,39998e-006	0,94					-7,39998e-006	-8,8	
			-7,19998e-006	0,92					-7,19998e-006	-9	
			-6,99998e-006	0,92					-6,99998e-006	-8,8	
			-6,79998e-006	0,94					-6,79998e-006	-8,8	
			-6,59998e-006	0,92					-6,59998e-006	-8,8	
			-6,39998e-006	0,94					-6,39998e-006	-8,8	
			-6,19998e-006	0,94					-6,19998e-006	-9	
			-5,99998e-006	0,96					-5,99998e-006	-9,2	
			-5,79998e-006	0,96					-5,79998e-006	-9	
			-5,59998e-006	0,94					-5,59998e-006	-9	
			-5,39998e-006	0,94					-5,39998e-006	-8,8	
			-5,19998e-006	0,94					-5,19998e-006	-8,8	
			-4,99998e-006	0,98					-4,99998e-006	-9,2	
			-4,79998e-006	0,96					-4,79998e-006	-8,8	
			-4,59998e-006	0,92					-4,59998e-006	-9	
			-4,39998e-006	0,94					-4,39998e-006	-9	
			-4,19998e-006	0,96					-4,19998e-006	-8,8	
			-3,99998e-006	0,94					-3,99998e-006	-9	
			-3,79998e-006	0,94					-3,79998e-006	-9,2	
			-3,59998e-006	0,94					-3,59998e-006	-9,2	
			-3,39998e-006	0,98					-3,39998e-006	-9	
			-3,19998e-006	0,98					-3,19998e-006	-9	
			-2,99998e-006	0,96					-2,99998e-006	-9	
			-2,79998e-006	0,94					-2,79998e-006	-9	
			-2,59998e-006	0,96					-2,59998e-006	-9	
			-2,39998e-006	0,96					-2,39998e-006	-9	
			-2,19998e-006	0,98					-2,19998e-006	-8,8	
			-1,99998e-006	0,94					-1,99998e-006	-9,2	
			-1,79998e-006	0,98					-1,79998e-006	-9	
			-1,59998e-006	0,98					-1,59998e-006	-8,8	
			-1,39998e-006	0,96					-1,39998e-006	-8,8	
			-1,19998e-006	0,94					-1,19998e-006	-9	
			-9,9998e-007	0,96					-9,9998e-007	-9	
			-7,9998e-007	0,96					-7,9998e-007	-9	
			-5,9998e-007	0,96					-5,9998e-007	-9	
			-3,9998e-007	0,98					-3,9998e-007	-9	
			-1,9998e-007	0,98					-1,9998e-007	-9	
			2,0151e-011	0,96					2,0151e-011	-9	
			2,0002e-007	0,96					2,0002e-007	-9	
			4,0002e-007	0,98					4,0002e-007	-9	
			6,0002e-007	0,98					6,0002e-007	-9	
			8,0002e-007	0,96					8,0002e-007	-9	
			1,00002e-006	0,96					1,00002e-006	-8,8	
			1,20002e-006	0,98					1,20002e-006	-9	
			1,40002e-006	0,94					1,40002e-006	-9	
			1,60002e-006	0,96					1,60002e-006	-9,2	
			1,80002e-006	1					1,80002e-006	-9	
			2,00002e-006	0,94					2,00002e-006	-9	
			2,20002e-006	0,96					2,20002e-006	-8,8	
			2,40002e-006	0,96					2,40002e-006	-9	
			2,60002e-006	0,98					2,60002e-006	-9	
			2,80002e-006	0,96					2,80002e-006	-9	
			3,00002e-006	0,96					3,00002e-006	-8,8	
			3,20002e-006	0,96					3,20002e-006	-8,8	
			3,40002e-006	0,98					3,40002e-006	-9	
			3,60002e-006	0,98					3,60002e-006	-9	
			3,80002e-006	0,94					3,80002e-006	-9	
			4,00002e-006	0,96					4,00002e-006	-8,8	
			4,20002e-006	0,96					4,20002e-006	-9	
			4,40002e-006	0,94					4,40002e-006	-8,8	
			4,60002e-006	0,98					4,60002e-006	-9	
			4,80002e-006	0,94					4,80002e-006	-9	
			5,00002e-006	0,96					5,00002e-006	-8,8	
			5,20002e-006	0,94					5,20002e-006	-8,8	
			5,40002e-006	0,92					5,40002e-006	-9	
			5,60002e-006	0,94					5,60002e-006	-9	
			5,80002e-006	0,96					5,80002e-006	-8,8	
			6,00002e-006	0,96					6,00002e-006	-9,2	
			6,20002e-006	0,96					6,20002e-006	-9,2	
			6,40002e-006	0,94					6,40002e-006	-9,2	
			6,60002e-006	0,94					6,60002e-006	-9	
			6,80002e-006	0,92					6,80002e-006	-9	
			7,00002e-006	0,94					7,00002e-006	-9	
			7,20002e-006	0,96					7,20002e-006	-9	
			7,40002e-006	0,96					7,40002e-006	-9	
			7,60002e-006	0,96					7,60002e-006	-9,2	
			7,80002e-006	0,94					7,80002e-006	-9	
			8,00002e-006	0,96					8,00002e-006	-8,8	
			8,20002e-006	0,94					8,20002e-006	-8,8	
			8,40002e-006	0,96					8,40002e-006	-9,2	
			8,60002e-006	0,92					8,60002e-006	-9	
			8,80002e-006	0,92					8,80002e-006	-8,8	
			9,00002e-006	0,94					9,00002e-006	-8,8	
			9,20002e-006	0,92					9,20002e-006	-9	
			9,40002e-006	0,92					9,40002e-006	-9	
			9,60002e-006	0,9					9,60002e-006	-9	
			9,80002e-006	0,94					9,80002e-006	-9,2	
			1e-005	0,94					1e-005	-9	
			1,02e-005	0,92					1,02e-005	-8,8	
			1,04e-005	0,92					1,04e-005	-9,2	
			1,06e-005	0,92					1,06e-005	-8,8	
			1,08e-005	0,96					1,08e-005	-9	
			1,1e-005	0,92					1,1e-005	-9	
			1,12e-005	0,9					1,12e-005	-8,8	
			1,14e-005	0,9					1,14e-005	-9	
			1,16e-005	0,92					1,16e-005	-8,8	
			1,18e-005	0,9					1,18e-005	-8,8	
			1,2e-005	0,88					1,2e-005	-9	
			1,22e-005	0,88					1,22e-005	-9,2	
			1,24e-005	0,94					1,24e-005	-9	
			1,26e-005	0,9					1,26e-005	-9	
			1,28e-005	0,9					1,28e-005	-9	
			1,3e-005	0,92					1,3e-005	-9,2	
			1,32e-005	0,88					1,32e-005	-9	
			1,34e-005	0,9					1,34e-005	-9	
			1,36e-005	0,88					1,36e-005	-9	
			1,38e-005	0,88					1,38e-005	-9,2	
			1,4e-005	0,88					1,4e-005	-9	
			1,42e-005	0,88					1,42e-005	-9,2	
			1,44e-005	0,9					1,44e-005	-9	
			1,46e-005	0,86					1,46e-005	-8,8	
			1,48e-005	0,9					1,48e-005	-9	
			1,5e-005	0,88					1,5e-005	-9	
			1,52e-005	0,84					1,52e-005	-9,2	
			1,54e-005	0,84					1,54e-005	-9	
			1,56e-005	0,88					1,56e-005	-9	
			1,58e-005	0,86					1,58e-005	-9	
			1,6e-005	0,86					1,6e-005	-9,2	
			1,62e-005	0,86					1,62e-005	-9	
			1,64e-005	0,86					1,64e-005	-9	
			1,66e-005	0,88					1,66e-005	-9,2	
			1,68e-005	0,84					1,68e-005	-9,2	
			1,7e-005	0,84					1,7e-005	-9,2	
			1,72e-005	0,82					1,72e-005	-9	
			1,74e-005	0,86					1,74e-005	-9	
			1,76e-005	0,86					1,76e-005	-9	
			1,78e-005	0,86					1,78e-005	-9,2	
			1,8e-005	0,84					1,8e-005	-9,2	
			1,82e-005	0,84					1,82e-005	-9	
			1,84e-005	0,82					1,84e-005	-8,8	
			1,86e-005	0,86					1,86e-005	-9	
			1,88e-005	0,84					1,88e-005	-9,2	
			1,9e-005	0,82					1,9e-005	-8,8	
			1,92e-005	0,84					1,92e-005	-9	
			1,94e-005	0,82					1,94e-005	-9,2	
			1,96e-005	0,8					1,96e-005	-9	
			1,98e-005	0,8					1,98e-005	-9	
			2e-005	0,82					2e-005	-9	
			2,02e-005	0,82					2,02e-005	-9	
			2,04e-005	0,8					2,04e-005	-9	
			2,06e-005	0,78					2,06e-005	-9	
			2,08e-005	0,78					2,08e-005	-8,8	
			2,1e-005	0,8					2,1e-005	-8,6	
			2,12e-005	0,78					2,12e-005	-8,8	
			2,14e-005	0,78					2,14e-005	-8,6	
			2,16e-005	0,78					2,16e-005	-8,8	
			2,18e-005	0,76					2,18e-005	-8,6	
			2,2e-005	0,76					2,2e-005	-8,6	
			2,22e-005	0,76					2,22e-005	-8,4	
			2,24e-005	0,76					2,24e-005	-8,4	
			2,26e-005	0,74					2,26e-005	-8,6	
			2,28e-005	0,74					2,28e-005	-8,2	
			2,3e-005	0,76					2,3e-005	-8,2	
			2,32e-005	0,74					2,32e-005	-8,4	
			2,34e-005	0,74					2,34e-005	-8,2	
			2,36e-005	0,72					2,36e-005	-8,2	
			2,38e-005	0,7					2,38e-005	-8	
			2,4e-005	0,72					2,4e-005	-8,2	
			2,42e-005	0,7					2,42e-005	-8	
			2,44e-005	0,7					2,44e-005	-8,4	
			2,46e-005	0,7					2,46e-005	-7,8	
			2,48e-005	0,7					2,48e-005	-8	
			2,5e-005	0,72					2,5e-005	-8	
			2,52e-005	0,68					2,52e-005	-8	
			2,54e-005	0,68					2,54e-005	-7,8	
			2,56e-005	0,7					2,56e-005	-7,8	
			2,58e-005	0,68					2,58e-005	-7,8	
			2,6e-005	0,7					2,6e-005	-7,6	
			2,62e-005	0,68					2,62e-005	-7,6	
			2,64e-005	0,68					2,64e-005	-7,6	
			2,66e-005	0,66					2,66e-005	-7,6	
			2,68e-005	0,64					2,68e-005	-7,6	
			2,7e-005	0,66					2,7e-005	-7,6	
			2,72e-005	0,64					2,72e-005	-7,4	
			2,74e-005	0,66					2,74e-005	-7,6	
			2,76e-005	0,62					2,76e-005	-7,4	
			2,78e-005	0,62					2,78e-005	-7,4	
			2,8e-005	0,64					2,8e-005	-7,2	
			2,82e-005	0,66					2,82e-005	-7,4	
			2,84e-005	0,62					2,84e-005	-7,4	
			2,86e-005	0,62					2,86e-005	-7,2	
			2,88e-005	0,62					2,88e-005	-7	
			2,9e-005	0,6					2,9e-005	-7,2	
			2,92e-005	0,6					2,92e-005	-7	
			2,94e-005	0,58					2,94e-005	-7	
			2,96e-005	0,62					2,96e-005	-7	
			2,98e-005	0,62					2,98e-005	-7	
			3e-005	0,6					3e-005	-7	
			3,02e-005	0,6					3,02e-005	-6,8	
			3,04e-005	0,56					3,04e-005	-6,6	
			3,06e-005	0,56					3,06e-005	-6,6	
			3,08e-005	0,56					3,08e-005	-6,6	
			3,1e-005	0,52					3,1e-005	-6,6	
			3,12e-005	0,56					3,12e-005	-6,6	
			3,14e-005	0,54					3,14e-005	-6,6	
			3,16e-005	0,54					3,16e-005	-6,4	
			3,18e-005	0,52					3,18e-005	-6,4	
			3,2e-005	0,54					3,2e-005	-6,6	
			3,22e-005	0,54					3,22e-005	-6,4	
			3,24e-005	0,54					3,24e-005	-6,4	
			3,26e-005	0,5					3,26e-005	-6,2	
			3,28e-005	0,52					3,28e-005	-6,2	
			3,3e-005	0,5					3,3e-005	-6,2	
			3,32e-005	0,52					3,32e-005	-6	
			3,34e-005	0,5					3,34e-005	-6	
			3,36e-005	0,5					3,36e-005	-6	
			3,38e-005	0,48					3,38e-005	-6	
			3,4e-005	0,5					3,4e-005	-6	
			3,42e-005	0,5					3,42e-005	-5,8	
			3,44e-005	0,48					3,44e-005	-5,8	
			3,46e-005	0,48					3,46e-005	-5,6	
			3,48e-005	0,44					3,48e-005	-5,6	
			3,5e-005	0,42					3,5e-005	-5,6	
			3,52e-005	0,42					3,52e-005	-5,6	
			3,54e-005	0,46					3,54e-005	-5,6	
			3,56e-005	0,42					3,56e-005	-5,4	
			3,58e-005	0,46					3,58e-005	-5,4	
			3,6e-005	0,44					3,6e-005	-5,6	
			3,62e-005	0,44					3,62e-005	-5,2	
			3,64e-005	0,42					3,64e-005	-5,2	
			3,66e-005	0,4					3,66e-005	-5,2	
			3,68e-005	0,42					3,68e-005	-5,2	
			3,7e-005	0,4					3,7e-005	-4,8	
			3,72e-005	0,4					3,72e-005	-5	
			3,74e-005	0,42					3,74e-005	-5	
			3,76e-005	0,38					3,76e-005	-5	
			3,78e-005	0,36					3,78e-005	-5	
			3,8e-005	0,38					3,8e-005	-4,8	
			3,82e-005	0,38					3,82e-005	-4,8	
			3,84e-005	0,34					3,84e-005	-4,6	
			3,86e-005	0,36					3,86e-005	-4,8	
			3,88e-005	0,34					3,88e-005	-4,6	
			3,9e-005	0,34					3,9e-005	-4,4	
			3,92e-005	0,36					3,92e-005	-4,6	
			3,94e-005	0,34					3,94e-005	-4,6	
			3,96e-005	0,34					3,96e-005	-4,4	
			3,98e-005	0,34					3,98e-005	-4,2	
			4e-005	0,28					4e-005	-4,2	
			4,02e-005	0,3					4,02e-005	-4	
			4,04e-005	0,3					4,04e-005	-4,2	
			4,06e-005	0,28					4,06e-005	-4,2	
			4,08e-005	0,28					4,08e-005	-3,8	
			4,1e-005	0,3					4,1e-005	-4	
			4,12e-005	0,28					4,12e-005	-4	
			4,14e-005	0,28					4,14e-005	-4	
			4,16e-005	0,28					4,16e-005	-4,2	
			4,18e-005	0,26					4,18e-005	-3,8	
			4,2e-005	0,26					4,2e-005	-3,8	
			4,22e-005	0,26					4,22e-005	-3,8	
			4,24e-005	0,24					4,24e-005	-3,6	
			4,26e-005	0,24					4,26e-005	-3,4	
			4,28e-005	0,24					4,28e-005	-3,4	
			4,3e-005	0,22					4,3e-005	-3,2	
			4,32e-005	0,22					4,32e-005	-3,4	
			4,34e-005	0,22					4,34e-005	-3,4	
			4,36e-005	0,2					4,36e-005	-3,4	
			4,38e-005	0,18					4,38e-005	-3,2	
			4,4e-005	0,18					4,4e-005	-3	
			4,42e-005	0,18					4,42e-005	-3	
			4,44e-005	0,16					4,44e-005	-3	
			4,46e-005	0,18					4,46e-005	-3	
			4,48e-005	0,18					4,48e-005	-3	
			4,5e-005	0,16					4,5e-005	-2,8	
			4,52e-005	0,12					4,52e-005	-2,8	
			4,54e-005	0,14					4,54e-005	-2,8	
			4,56e-005	0,16					4,56e-005	-2,6	
			4,58e-005	0,14					4,58e-005	-2,6	
			4,6e-005	0,1					4,6e-005	-2,6	
			4,62e-005	0,12					4,62e-005	-2,4	
			4,64e-005	0,1					4,64e-005	-2,6	
			4,66e-005	0,1					4,66e-005	-2,2	
			4,68e-005	0,1					4,68e-005	-2,4	
			4,7e-005	0,08					4,7e-005	-2,2	
			4,72e-005	0,08					4,72e-005	-2,2	
			4,74e-005	0,08					4,74e-005	-2	
			4,76e-005	0,08					4,76e-005	-2	
			4,78e-005	0,06					4,78e-005	-2	
			4,8e-005	0,06					4,8e-005	-2	
			4,82e-005	0,04					4,82e-005	-2	
			4,84e-005	0,04					4,84e-005	-1,8	
			4,86e-005	0,08					4,86e-005	-1,8	
			4,88e-005	0,02					4,88e-005	-1,8	
			4,9e-005	0,02					4,9e-005	-1,6	
			4,92e-005	0,04					4,92e-005	-1,6	
			4,94e-005	0,02					4,94e-005	-1,6	
			4,96e-005	0					4,96e-005	-1,4	
			4,98e-005	0,02					4,98e-005	-1,4	
			5e-005	0					5e-005	-1,2	
			5,02e-005	0					5,02e-005	-1,4	
			5,04e-005	-0,02					5,04e-005	-1,2	
			5,06e-005	-0,02					5,06e-005	-1,4	
			5,08e-005	-0,02					5,08e-005	-1	
			5,1e-005	-0,02					5,1e-005	-1,2	
			5,12e-005	-0,04					5,12e-005	-1	
			5,14e-005	-0,04					5,14e-005	-0,8	
			5,16e-005	-0,06					5,16e-005	-0,8	
			5,18e-005	-0,08					5,18e-005	-0,8	
			5,2e-005	-0,06					5,2e-005	-0,6	
			5,22e-005	-0,08					5,22e-005	-0,8	
			5,24e-005	-0,1					5,24e-005	-1	
			5,26e-005	-0,08					5,26e-005	-0,6	
			5,28e-005	-0,1					5,28e-005	-0,4	
			5,3e-005	-0,08					5,3e-005	-0,4	
			5,32e-005	-0,08					5,32e-005	-0,4	
			5,34e-005	-0,1					5,34e-005	-0,4	
			5,36e-005	-0,12					5,36e-005	-0,2	
			5,38e-005	-0,14					5,38e-005	-0,2	
			5,4e-005	-0,12					5,4e-005	-0,2	
			5,42e-005	-0,14					5,42e-005	0	
			5,44e-005	-0,14					5,44e-005	0	
			5,46e-005	-0,14					5,46e-005	0,2	
			5,48e-005	-0,16					5,48e-005	0,2	
			5,5e-005	-0,18					5,5e-005	0,4	
			5,52e-005	-0,18					5,52e-005	0,4	
			5,54e-005	-0,16					5,54e-005	0,2	
			5,56e-005	-0,16					5,56e-005	0,4	
			5,58e-005	-0,18					5,58e-005	0,6	
			5,6e-005	-0,2					5,6e-005	0,6	
			5,62e-005	-0,2					5,62e-005	0,8	
			5,64e-005	-0,22					5,64e-005	0,6	
			5,66e-005	-0,24					5,66e-005	0,6	
			5,68e-005	-0,24					5,68e-005	0,8	
			5,7e-005	-0,22					5,7e-005	1	
			5,72e-005	-0,22					5,72e-005	0,8	
			5,74e-005	-0,24					5,74e-005	1	
			5,76e-005	-0,26					5,76e-005	1,2	
			5,78e-005	-0,26					5,78e-005	1	
			5,8e-005	-0,26					5,8e-005	1,2	
			5,82e-005	-0,26					5,82e-005	1,2	
			5,84e-005	-0,26					5,84e-005	1,4	
			5,86e-005	-0,26					5,86e-005	1,4	
			5,88e-005	-0,28					5,88e-005	1,2	
			5,9e-005	-0,28					5,9e-005	1,4	
			5,92e-005	-0,28					5,92e-005	1,4	
			5,94e-005	-0,3					5,94e-005	1,8	
			5,96e-005	-0,3					5,96e-005	1,8	
			5,98e-005	-0,34					5,98e-005	1,6	
			6e-005	-0,3					6e-005	2	
			6,02e-005	-0,34					6,02e-005	1,8	
			6,04e-005	-0,32					6,04e-005	2	
			6,06e-005	-0,36					6,06e-005	2	
			6,08e-005	-0,36					6,08e-005	2	
			6,1e-005	-0,34					6,1e-005	2	
			6,12e-005	-0,36					6,12e-005	2,2	
			6,14e-005	-0,38					6,14e-005	2,2	
			6,16e-005	-0,38					6,16e-005	2,2	
			6,18e-005	-0,4					6,18e-005	2,2	
			6,2e-005	-0,4					6,2e-005	2,6	
			6,22e-005	-0,4					6,22e-005	2,4	
			6,24e-005	-0,42					6,24e-005	2,6	
			6,26e-005	-0,42					6,26e-005	2,6	
			6,28e-005	-0,44					6,28e-005	2,6	
			6,3e-005	-0,4					6,3e-005	2,6	
			6,32e-005	-0,42					6,32e-005	2,6	
			6,34e-005	-0,42					6,34e-005	2,8	
			6,36e-005	-0,46					6,36e-005	3	
			6,38e-005	-0,46					6,38e-005	3	
			6,4e-005	-0,46					6,4e-005	3	
			6,42e-005	-0,46					6,42e-005	3,2	
			6,44e-005	-0,44					6,44e-005	3	
			6,46e-005	-0,46					6,46e-005	3	
			6,48e-005	-0,48					6,48e-005	3,2	
			6,5e-005	-0,48					6,5e-005	3,4	
			6,52e-005	-0,5					6,52e-005	3,4	
			6,54e-005	-0,5					6,54e-005	3,4	
			6,56e-005	-0,5					6,56e-005	3,4	
			6,58e-005	-0,5					6,58e-005	3,4	
			6,6e-005	-0,52					6,6e-005	3,6	
			6,62e-005	-0,56					6,62e-005	3,4	
			6,64e-005	-0,52					6,64e-005	3,6	
			6,66e-005	-0,52					6,66e-005	3,6	
			6,68e-005	-0,5					6,68e-005	3,8	
			6,7e-005	-0,54					6,7e-005	3,8	
			6,72e-005	-0,54					6,72e-005	3,8	
			6,74e-005	-0,54					6,74e-005	4	
			6,76e-005	-0,58					6,76e-005	4	
			6,78e-005	-0,58					6,78e-005	4	
			6,8e-005	-0,6					6,8e-005	4,2	
			6,82e-005	-0,56					6,82e-005	4,2	
			6,84e-005	-0,56					6,84e-005	4,2	
			6,86e-005	-0,58					6,86e-005	4,4	
			6,88e-005	-0,58					6,88e-005	4,4	
			6,9e-005	-0,6					6,9e-005	4,4	
			6,92e-005	-0,62					6,92e-005	4,4	
			6,94e-005	-0,6					6,94e-005	4,4	
			6,96e-005	-0,6					6,96e-005	4,6	
			6,98e-005	-0,62					6,98e-005	4,8	
			7e-005	-0,62					7e-005	4,6	
			7,02e-005	-0,62					7,02e-005	4,8	
			7,04e-005	-0,62					7,04e-005	4,8	
			7,06e-005	-0,68					7,06e-005	4,6	
			7,08e-005	-0,64					7,08e-005	4,8	
			7,1e-005	-0,66					7,1e-005	5	
			7,12e-005	-0,66					7,12e-005	5	
			7,14e-005	-0,68					7,14e-005	5	
			7,16e-005	-0,68					7,16e-005	5,2	
			7,18e-005	-0,7					7,18e-005	5	
			7,2e-005	-0,68					7,2e-005	5,2	
			7,22e-005	-0,7					7,22e-005	5,2	
			7,24e-005	-0,72					7,24e-005	5,4	
			7,26e-005	-0,7					7,26e-005	5,4	
			7,28e-005	-0,7					7,28e-005	5,4	
			7,3e-005	-0,7					7,3e-005	5,6	
			7,32e-005	-0,72					7,32e-005	5,4	
			7,34e-005	-0,74					7,34e-005	5,6	
			7,36e-005	-0,72					7,36e-005	5,6	
			7,38e-005	-0,74					7,38e-005	5,6	
			7,4e-005	-0,74					7,4e-005	5,8	
			7,42e-005	-0,76					7,42e-005	5,8	
			7,44e-005	-0,76					7,44e-005	5,8	
			7,46e-005	-0,78					7,46e-005	6	
			7,48e-005	-0,76					7,48e-005	6	
			7,5e-005	-0,76					7,5e-005	6	
			7,52e-005	-0,76					7,52e-005	6	
			7,54e-005	-0,8					7,54e-005	6	
			7,56e-005	-0,76					7,56e-005	6,2	
			7,58e-005	-0,78					7,58e-005	6,2	
			7,6e-005	-0,78					7,6e-005	6	
			7,62e-005	-0,78					7,62e-005	6,2	
			7,64e-005	-0,78					7,64e-005	6,2	
			7,66e-005	-0,8					7,66e-005	6,4	
			7,68e-005	-0,82					7,68e-005	6,4	
			7,7e-005	-0,82					7,7e-005	6,4	
			7,72e-005	-0,84					7,72e-005	6,4	
			7,74e-005	-0,86					7,74e-005	6,6	
			7,76e-005	-0,84					7,76e-005	6,4	
			7,78e-005	-0,84					7,78e-005	6,4	
			7,8e-005	-0,84					7,8e-005	6,6	
			7,82e-005	-0,86					7,82e-005	6,6	
			7,84e-005	-0,86					7,84e-005	7	
			7,86e-005	-0,88					7,86e-005	6,6	
			7,88e-005	-0,86					7,88e-005	6,8	
			7,9e-005	-0,88					7,9e-005	7	
			7,92e-005	-0,92					7,92e-005	7	
			7,94e-005	-0,88					7,94e-005	6,8	
			7,96e-005	-0,88					7,96e-005	7	
			7,98e-005	-0,9					7,98e-005	7	
			8e-005	-0,9					8e-005	7	
			8,02e-005	-0,9					8,02e-005	7	
			8,04e-005	-0,9					8,04e-005	7,2	
			8,06e-005	-0,94					8,06e-005	7,2	
			8,08e-005	-0,9					8,08e-005	7,4	
			8,1e-005	-0,9					8,1e-005	7,4	
			8,12e-005	-0,9					8,12e-005	7,4	
			8,14e-005	-0,92					8,14e-005	7,4	
			8,16e-005	-0,94					8,16e-005	7,4	
			8,18e-005	-0,9					8,18e-005	7,4	
			8,2e-005	-0,96					8,2e-005	7,4	
			8,22e-005	-0,96					8,22e-005	7,6	
			8,24e-005	-0,98					8,24e-005	7,6	
			8,26e-005	-1					8,26e-005	7,6	
			8,28e-005	-0,94					8,28e-005	7,4	
			8,3e-005	-0,96					8,3e-005	7,6	
			8,32e-005	-0,96					8,32e-005	7,6	
			8,34e-005	-0,96					8,34e-005	7,6	
			8,36e-005	-0,96					8,36e-005	7,8	
			8,38e-005	-1					8,38e-005	7,8	
			8,4e-005	-0,98					8,4e-005	7,8	
			8,42e-005	-0,98					8,42e-005	7,8	
			8,44e-005	-0,96					8,44e-005	7,8	
			8,46e-005	-1,02					8,46e-005	7,8	
			8,48e-005	-1					8,48e-005	8	
			8,5e-005	-1,02					8,5e-005	8	
			8,52e-005	-1					8,52e-005	8	
			8,54e-005	-1,02					8,54e-005	8	
			8,56e-005	-1,02					8,56e-005	8	
			8,58e-005	-1,02					8,58e-005	8	
			8,6e-005	-1,02					8,6e-005	8,2	
			8,62e-005	-1,04					8,62e-005	8,4	
			8,64e-005	-1,02					8,64e-005	8	
			8,66e-005	-1,02					8,66e-005	8,2	
			8,68e-005	-1,04					8,68e-005	8,2	
			8,7e-005	-1,04					8,7e-005	8,2	
			8,72e-005	-1,04					8,72e-005	8,4	
			8,74e-005	-1,06					8,74e-005	8,2	
			8,76e-005	-1,04					8,76e-005	8,4	
			8,78e-005	-1,06					8,78e-005	8,4	
			8,8e-005	-1,06					8,8e-005	8,4	
			8,82e-005	-1,06					8,82e-005	8,4	
			8,84e-005	-1,06					8,84e-005	8,6	
			8,86e-005	-1,06					8,86e-005	8,8	
			8,88e-005	-1,06					8,88e-005	8,6	
			8,9e-005	-1,06					8,9e-005	8,6	
			8,92e-005	-1,08					8,92e-005	8,6	
			8,94e-005	-1,1					8,94e-005	8,6	
			8,96e-005	-1,08					8,96e-005	8,6	
			8,98e-005	-1,06					8,98e-005	8,6	
			9e-005	-1,08					9e-005	8,8	
			9,02e-005	-1,1					9,02e-005	8,8	
			9,04e-005	-1,1					9,04e-005	8,8	
			9,06e-005	-1,06					9,06e-005	9	
			9,08e-005	-1,1					9,08e-005	8,8	
			9,1e-005	-1,08					9,1e-005	8,6	
			9,12e-005	-1,12					9,12e-005	8,6	
			9,14e-005	-1,12					9,14e-005	8,8	
			9,16e-005	-1,12					9,16e-005	8,8	
			9,18e-005	-1,12					9,18e-005	9	
			9,2e-005	-1,12					9,2e-005	8,8	
			9,22e-005	-1,14					9,22e-005	9	
			9,24e-005	-1,14					9,24e-005	8,8	
			9,26e-005	-1,12					9,26e-005	9	
			9,28e-005	-1,14					9,28e-005	8,8	
			9,3e-005	-1,12					9,3e-005	8,8	
			9,32e-005	-1,14					9,32e-005	9	
			9,34e-005	-1,14					9,34e-005	9	
			9,36e-005	-1,14					9,36e-005	9	
			9,38e-005	-1,18					9,38e-005	9	
			9,4e-005	-1,16					9,4e-005	9	
			9,42e-005	-1,16					9,42e-005	9	
			9,44e-005	-1,12					9,44e-005	9	
			9,46e-005	-1,14					9,46e-005	9	
			9,48e-005	-1,16					9,48e-005	9,2	
			9,5e-005	-1,14					9,5e-005	9	
			9,52e-005	-1,14					9,52e-005	8,8	
			9,54e-005	-1,16					9,54e-005	9	
			9,56e-005	-1,18					9,56e-005	9	
			9,58e-005	-1,2					9,58e-005	9,2	
			9,6e-005	-1,18					9,6e-005	8,8	
			9,62e-005	-1,16					9,62e-005	9	
			9,64e-005	-1,14					9,64e-005	9	
			9,66e-005	-1,16					9,66e-005	9	
			9,68e-005	-1,16					9,68e-005	9,2	
			9,7e-005	-1,16					9,7e-005	9	
			9,72e-005	-1,16					9,72e-005	9	
			9,74e-005	-1,14					9,74e-005	9	
			9,76e-005	-1,16					9,76e-005	9	
			9,78e-005	-1,16					9,78e-005	9	
			9,8e-005	-1,16					9,8e-005	9,2	
			9,82e-005	-1,16					9,82e-005	9	
			9,84e-005	-1,2					9,84e-005	8,8	
			9,86e-005	-1,16					9,86e-005	9	
			9,88e-005	-1,18					9,88e-005	9	
			9,9e-005	-1,18					9,9e-005	9,2	
			9,92e-005	-1,18					9,92e-005	9	
			9,94e-005	-1,16					9,94e-005	9	
			9,96e-005	-1,18					9,96e-005	9,2	
			9,98e-005	-1,18					9,98e-005	9	
			0,0001	-1,16					0,0001	9	
			0,0001002	-1,18					0,0001002	9,2	
			0,0001004	-1,2					0,0001004	9	
			0,0001006	-1,18					0,0001006	9,2	
			0,0001008	-1,16					0,0001008	9,2	
			0,000101	-1,2					0,000101	9	
			0,0001012	-1,16					0,0001012	9	
			0,0001014	-1,2					0,0001014	9	
			0,0001016	-1,18					0,0001016	9	
			0,0001018	-1,18					0,0001018	9	
			0,000102	-1,2					0,000102	9	
			0,0001022	-1,16					0,0001022	9,2	
			0,0001024	-1,18					0,0001024	9,2	
			0,0001026	-1,18					0,0001026	9	
			0,0001028	-1,18					0,0001028	9,2	
			0,000103	-1,18					0,000103	9,2	
			0,0001032	-1,18					0,0001032	9,2	
			0,0001034	-1,2					0,0001034	9	
			0,0001036	-1,18					0,0001036	9	
			0,0001038	-1,22					0,0001038	9,2	
			0,000104	-1,2					0,000104	9	
			0,0001042	-1,16					0,0001042	9	
			0,0001044	-1,2					0,0001044	9	
			0,0001046	-1,18					0,0001046	9,2	
			0,0001048	-1,16					0,0001048	9,2	
			0,000105	-1,18					0,000105	9	
			0,0001052	-1,18					0,0001052	9,2	
			0,0001054	-1,18					0,0001054	9,2	
			0,0001056	-1,2					0,0001056	9,2	
			0,0001058	-1,2					0,0001058	9,2	
			0,000106	-1,2					0,000106	9	
			0,0001062	-1,2					0,0001062	9,2	
			0,0001064	-1,18					0,0001064	9	
			0,0001066	-1,18					0,0001066	9	
			0,0001068	-1,22					0,0001068	9,2	
			0,000107	-1,2					0,000107	9,2	
			0,0001072	-1,2					0,0001072	8,8	
			0,0001074	-1,2					0,0001074	9,2	
			0,0001076	-1,22					0,0001076	9,2	
			0,0001078	-1,2					0,0001078	9	
			0,000108	-1,22					0,000108	9,2	
			0,0001082	-1,18					0,0001082	9	
			0,0001084	-1,18					0,0001084	9,4	
			0,0001086	-1,18					0,0001086	9	
			0,0001088	-1,2					0,0001088	9,2	
			0,000109	-1,16					0,000109	9	
			0,0001092	-1,16					0,0001092	9	
			0,0001094	-1,18					0,0001094	9,2	
			0,0001096	-1,16					0,0001096	8,8	
			0,0001098	-1,16					0,0001098	9,4	
			0,00011	-1,16					0,00011	9,2	
			0,0001102	-1,16					0,0001102	9	
			0,0001104	-1,18					0,0001104	9,2	
			0,0001106	-1,18					0,0001106	9	
			0,0001108	-1,16					0,0001108	9	
			0,000111	-1,2					0,000111	9	
			0,0001112	-1,18					0,0001112	9	
			0,0001114	-1,16					0,0001114	9,2	
			0,0001116	-1,18					0,0001116	9,2	
			0,0001118	-1,18					0,0001118	9,2	
			0,000112	-1,18					0,000112	9,2	
			0,0001122	-1,2					0,0001122	9,2	
			0,0001124	-1,2					0,0001124	9	
			0,0001126	-1,18					0,0001126	9,2	
			0,0001128	-1,18					0,0001128	9	
			0,000113	-1,18					0,000113	9	
			0,0001132	-1,18					0,0001132	9,2	
			0,0001134	-1,16					0,0001134	9,2	
			0,0001136	-1,2					0,0001136	9,2	
			0,0001138	-1,16					0,0001138	9,4	
			0,000114	-1,18					0,000114	9,2	
			0,0001142	-1,16					0,0001142	9	
			0,0001144	-1,16					0,0001144	9	
			0,0001146	-1,16					0,0001146	9,2	
			0,0001148	-1,18					0,0001148	9,2	
			0,000115	-1,18					0,000115	9	
			0,0001152	-1,14					0,0001152	9,2	
			0,0001154	-1,16					0,0001154	8,8	
			0,0001156	-1,14					0,0001156	9	
			0,0001158	-1,14					0,0001158	8,8	
			0,000116	-1,14					0,000116	9,2	
			0,0001162	-1,16					0,0001162	9	
			0,0001164	-1,14					0,0001164	9	
			0,0001166	-1,16					0,0001166	9,2	
			0,0001168	-1,16					0,0001168	9	
			0,000117	-1,16					0,000117	9	
			0,0001172	-1,12					0,0001172	9	
			0,0001174	-1,14					0,0001174	9	
			0,0001176	-1,12					0,0001176	9	
			0,0001178	-1,14					0,0001178	9,2	
			0,000118	-1,14					0,000118	9,2	
			0,0001182	-1,14					0,0001182	9	
			0,0001184	-1,12					0,0001184	9	
			0,0001186	-1,12					0,0001186	9	
			0,0001188	-1,12					0,0001188	9	
			0,000119	-1,1					0,000119	8,8	
			0,0001192	-1,14					0,0001192	8,8	
			0,0001194	-1,16					0,0001194	9	
			0,0001196	-1,12					0,0001196	9	
			0,0001198	-1,12					0,0001198	9	
			0,00012	-1,12					0,00012	9	
			0,0001202	-1,14					0,0001202	9,2	
			0,0001204	-1,1					0,0001204	9,2	
			0,0001206	-1,1					0,0001206	8,8	
			0,0001208	-1,08					0,0001208	8,8	
			0,000121	-1,08					0,000121	8,8	
			0,0001212	-1,08					0,0001212	8,6	
			0,0001214	-1,1					0,0001214	8,6	
			0,0001216	-1,08					0,0001216	9	
			0,0001218	-1,1					0,0001218	8,8	
			0,000122	-1,1					0,000122	9	
			0,0001222	-1,1					0,0001222	8,8	
			0,0001224	-1,06					0,0001224	8,6	
			0,0001226	-1,08					0,0001226	9	
			0,0001228	-1,08					0,0001228	8,8	
			0,000123	-1,08					0,000123	9	
			0,0001232	-1,08					0,0001232	8,6	
			0,0001234	-1,08					0,0001234	8,8	
			0,0001236	-1,08					0,0001236	9	
			0,0001238	-1,1					0,0001238	8,6	
			0,000124	-1,04					0,000124	8,6	
			0,0001242	-1,06					0,0001242	8,6	
			0,0001244	-1,06					0,0001244	8,6	
			0,0001246	-1,06					0,0001246	8,6	
			0,0001248	-1,02					0,0001248	8,6	
			0,000125	-1,04					0,000125	8,6	
			0,0001252	-1					0,0001252	8,8	
			0,0001254	-1,04					0,0001254	8,6	
			0,0001256	-1,04					0,0001256	8,6	
			0,0001258	-1					0,0001258	8,6	
			0,000126	-1,04					0,000126	8,4	
			0,0001262	-1					0,0001262	8,4	
			0,0001264	-1,04					0,0001264	8,4	
			0,0001266	-1,02					0,0001266	8,4	
			0,0001268	-1,02					0,0001268	8,4	
			0,000127	-1,02					0,000127	8,4	
			0,0001272	-1					0,0001272	8,4	
			0,0001274	-1					0,0001274	8,2	
			0,0001276	-1					0,0001276	8,2	
			0,0001278	-0,98					0,0001278	8,2	
			0,000128	-0,98					0,000128	8,2	
			0,0001282	-0,98					0,0001282	8,4	
			0,0001284	-0,98					0,0001284	8,2	
			0,0001286	-0,98					0,0001286	8,2	
			0,0001288	-0,96					0,0001288	8,2	
			0,000129	-0,94					0,000129	8,2	
			0,0001292	-0,94					0,0001292	8	
			0,0001294	-0,96					0,0001294	8	
			0,0001296	-0,94					0,0001296	8,2	
			0,0001298	-0,94					0,0001298	8,2	
			0,00013	-0,96					0,00013	7,8	
			0,0001302	-0,94					0,0001302	8	
			0,0001304	-0,92					0,0001304	7,8	
			0,0001306	-0,92					0,0001306	7,8	
			0,0001308	-0,94					0,0001308	7,8	
			0,000131	-0,94					0,000131	7,6	
			0,0001312	-0,94					0,0001312	7,8	
			0,0001314	-0,92					0,0001314	7,8	
			0,0001316	-0,92					0,0001316	7,6	
			0,0001318	-0,88					0,0001318	7,8	
			0,000132	-0,92					0,000132	7,8	
			0,0001322	-0,88					0,0001322	7,6	
			0,0001324	-0,9					0,0001324	7,6	
			0,0001326	-0,88					0,0001326	7,6	
			0,0001328	-0,88					0,0001328	7,6	
			0,000133	-0,9					0,000133	7,6	
			0,0001332	-0,86					0,0001332	7,6	
			0,0001334	-0,88					0,0001334	7,4	
			0,0001336	-0,88					0,0001336	7,4	
			0,0001338	-0,88					0,0001338	7,4	
			0,000134	-0,84					0,000134	7,4	
			0,0001342	-0,86					0,0001342	7,2	
			0,0001344	-0,84					0,0001344	7,2	
			0,0001346	-0,86					0,0001346	7	
			0,0001348	-0,84					0,0001348	7,2	
			0,000135	-0,86					0,000135	7	
			0,0001352	-0,84					0,0001352	7	
			0,0001354	-0,8					0,0001354	7	
			0,0001356	-0,82					0,0001356	7	
			0,0001358	-0,8					0,0001358	7	
			0,000136	-0,8					0,000136	7	
			0,0001362	-0,8					0,0001362	7	
			0,0001364	-0,78					0,0001364	6,8	
			0,0001366	-0,8					0,0001366	6,6	
			0,0001368	-0,8					0,0001368	6,8	
			0,000137	-0,78					0,000137	6,6	
			0,0001372	-0,78					0,0001372	6,6	
			0,0001374	-0,78					0,0001374	6,6	
			0,0001376	-0,8					0,0001376	6,6	
			0,0001378	-0,78					0,0001378	6,6	
			0,000138	-0,78					0,000138	6,2	
			0,0001382	-0,78					0,0001382	6,4	
			0,0001384	-0,76					0,0001384	6,2	
			0,0001386	-0,74					0,0001386	6,4	
			0,0001388	-0,76					0,0001388	6	
			0,000139	-0,72					0,000139	6,2	
			0,0001392	-0,72					0,0001392	6,2	
			0,0001394	-0,72					0,0001394	6,2	
			0,0001396	-0,74					0,0001396	6,2	
			0,0001398	-0,72					0,0001398	6	
			0,00014	-0,72					0,00014	6	
			0,0001402	-0,68					0,0001402	5,8	
			0,0001404	-0,7					0,0001404	6	
			0,0001406	-0,72					0,0001406	5,8	
			0,0001408	-0,7					0,0001408	5,8	
			0,000141	-0,68					0,000141	5,8	
			0,0001412	-0,7					0,0001412	5,6	
			0,0001414	-0,66					0,0001414	5,6	
			0,0001416	-0,64					0,0001416	5,6	
			0,0001418	-0,66					0,0001418	5,6	
			0,000142	-0,66					0,000142	5,4	
			0,0001422	-0,64					0,0001422	5,2	
			0,0001424	-0,66					0,0001424	5,4	
			0,0001426	-0,64					0,0001426	5,4	
			0,0001428	-0,64					0,0001428	5	
			0,000143	-0,62					0,000143	5,4	
			0,0001432	-0,62					0,0001432	5,4	
			0,0001434	-0,6					0,0001434	5,2	
			0,0001436	-0,6					0,0001436	4,8	
			0,0001438	-0,58					0,0001438	5	
			0,000144	-0,58					0,000144	5	
			0,0001442	-0,6					0,0001442	4,8	
			0,0001444	-0,58					0,0001444	5	
			0,0001446	-0,56					0,0001446	4,8	
			0,0001448	-0,58					0,0001448	4,8	
			0,000145	-0,54					0,000145	4,8	
			0,0001452	-0,58					0,0001452	4,8	
			0,0001454	-0,58					0,0001454	4,8	
			0,0001456	-0,58					0,0001456	4,6	
			0,0001458	-0,56					0,0001458	4,4	
			0,000146	-0,56					0,000146	4,6	
			0,0001462	-0,56					0,0001462	4,4	
			0,0001464	-0,52					0,0001464	4,2	
			0,0001466	-0,52					0,0001466	4,4	
			0,0001468	-0,54					0,0001468	4,2	
			0,000147	-0,5					0,000147	4,2	
			0,0001472	-0,52					0,0001472	4,2	
			0,0001474	-0,5					0,0001474	4,2	
			0,0001476	-0,5					0,0001476	3,8	
			0,0001478	-0,5					0,0001478	4	
			0,000148	-0,46					0,000148	3,8	
			0,0001482	-0,48					0,0001482	3,8	
			0,0001484	-0,48					0,0001484	3,8	
			0,0001486	-0,46					0,0001486	3,6	
			0,0001488	-0,44					0,0001488	3,6	
			0,000149	-0,44					0,000149	3,6	
			0,0001492	-0,44					0,0001492	3,6	
			0,0001494	-0,44					0,0001494	3,4	
			0,0001496	-0,42					0,0001496	3,4	
			0,0001498	-0,44					0,0001498	3,4	
			0,00015	-0,42					0,00015	3,4	
			0,0001502	-0,42					0,0001502	3,2	
			0,0001504	-0,42					0,0001504	3,4	
			0,0001506	-0,42					0,0001506	3,2	
			0,0001508	-0,36					0,0001508	3,2	
			0,000151	-0,4					0,000151	3,2	
			0,0001512	-0,36					0,0001512	3	
			0,0001514	-0,38					0,0001514	3	
			0,0001516	-0,36					0,0001516	2,8	
			0,0001518	-0,4					0,0001518	2,6	
			0,000152	-0,36					0,000152	2,8	
			0,0001522	-0,36					0,0001522	2,8	
			0,0001524	-0,34					0,0001524	2,6	
			0,0001526	-0,34					0,0001526	2,6	
			0,0001528	-0,34					0,0001528	2,4	
			0,000153	-0,32					0,000153	2,4	
			0,0001532	-0,32					0,0001532	2,6	
			0,0001534	-0,32					0,0001534	2,4	
			0,0001536	-0,34					0,0001536	2,2	
			0,0001538	-0,3					0,0001538	2,2	
			0,000154	-0,3					0,000154	2,4	
			0,0001542	-0,32					0,0001542	2	
			0,0001544	-0,3					0,0001544	2	
			0,0001546	-0,28					0,0001546	2	
			0,0001548	-0,26					0,0001548	2	
			0,000155	-0,26					0,000155	1,6	
			0,0001552	-0,26					0,0001552	2	
			0,0001554	-0,24					0,0001554	1,8	
			0,0001556	-0,24					0,0001556	1,8	
			0,0001558	-0,24					0,0001558	1,8	
			0,000156	-0,24					0,000156	1,6	
			0,0001562	-0,24					0,0001562	1,6	
			0,0001564	-0,22					0,0001564	1,4	
			0,0001566	-0,24					0,0001566	1,6	
			0,0001568	-0,2					0,0001568	1,4	
			0,000157	-0,2					0,000157	1,4	
			0,0001572	-0,2					0,0001572	1	
			0,0001574	-0,18					0,0001574	1,2	
			0,0001576	-0,2					0,0001576	1	
			0,0001578	-0,2					0,0001578	1	
			0,000158	-0,2					0,000158	0,8	
			0,0001582	-0,16					0,0001582	0,8	
			0,0001584	-0,16					0,0001584	1	
			0,0001586	-0,14					0,0001586	1	
			0,0001588	-0,14					0,0001588	0,8	
			0,000159	-0,14					0,000159	1	
			0,0001592	-0,14					0,0001592	0,6	
			0,0001594	-0,12					0,0001594	0,6	
			0,0001596	-0,12					0,0001596	0,6	
			0,0001598	-0,12					0,0001598	0,4	
			0,00016	-0,1					0,00016	0,4	
			0,0001602	-0,12					0,0001602	0,4	
			0,0001604	-0,08					0,0001604	0,2	
			0,0001606	-0,06					0,0001606	0	
			0,0001608	-0,08					0,0001608	0,2	
			0,000161	-0,08					0,000161	0,2	
			0,0001612	-0,08					0,0001612	0	
			0,0001614	-0,08					0,0001614	0	
			0,0001616	-0,06					0,0001616	0	
			0,0001618	-0,06					0,0001618	0	
			0,000162	-0,02					0,000162	-0,4	
			0,0001622	-0,04					0,0001622	-0,4	
			0,0001624	-0,02					0,0001624	-0,2	
			0,0001626	-0,04					0,0001626	-0,4	
			0,0001628	-0,02					0,0001628	-0,4	
			0,000163	-0,04					0,000163	-0,6	
			0,0001632	-0,04					0,0001632	-0,6	
			0,0001634	-0,02					0,0001634	-0,8	
			0,0001636	0					0,0001636	-0,8	
			0,0001638	0					0,0001638	-0,8	
			0,000164	0,04					0,000164	-0,8	
			0,0001642	0,02					0,0001642	-0,8	
			0,0001644	0,04					0,0001644	-1	
			0,0001646	0,04					0,0001646	-1	
			0,0001648	0,02					0,0001648	-1	
			0,000165	0,04					0,000165	-1	
			0,0001652	0,04					0,0001652	-1,2	
			0,0001654	0,04					0,0001654	-1,2	
			0,0001656	0,04					0,0001656	-1,4	
			0,0001658	0,06					0,0001658	-1,4	
			0,000166	0,08					0,000166	-1,4	
			0,0001662	0,08					0,0001662	-1,2	
			0,0001664	0,08					0,0001664	-1,4	
			0,0001666	0,08					0,0001666	-1,4	
			0,0001668	0,1					0,0001668	-1,6	
			0,000167	0,08					0,000167	-1,6	
			0,0001672	0,14					0,0001672	-1,6	
			0,0001674	0,14					0,0001674	-1,6	
			0,0001676	0,12					0,0001676	-1,8	
			0,0001678	0,14					0,0001678	-2	
			0,000168	0,12					0,000168	-1,8	
			0,0001682	0,16					0,0001682	-2	
			0,0001684	0,14					0,0001684	-2	
			0,0001686	0,16					0,0001686	-2,2	
			0,0001688	0,2					0,0001688	-2	
			0,000169	0,22					0,000169	-2,2	
			0,0001692	0,18					0,0001692	-2,2	
			0,0001694	0,18					0,0001694	-2,2	
			0,0001696	0,16					0,0001696	-2,4	
			0,0001698	0,2					0,0001698	-2,4	
			0,00017	0,16					0,00017	-2,6	
			0,0001702	0,2					0,0001702	-2,4	
			0,0001704	0,2					0,0001704	-2,6	
			0,0001706	0,22					0,0001706	-2,8	
			0,0001708	0,22					0,0001708	-2,8	
			0,000171	0,24					0,000171	-2,8	
			0,0001712	0,22					0,0001712	-3	
			0,0001714	0,22					0,0001714	-3	
			0,0001716	0,22					0,0001716	-3,2	
			0,0001718	0,24					0,0001718	-3,2	
			0,000172	0,24					0,000172	-3	
			0,0001722	0,26					0,0001722	-3,2	
			0,0001724	0,3					0,0001724	-3	
			0,0001726	0,26					0,0001726	-3,4	
			0,0001728	0,28					0,0001728	-3,4	
			0,000173	0,28					0,000173	-3,2	
			0,0001732	0,3					0,0001732	-3,4	
			0,0001734	0,26					0,0001734	-3,4	
			0,0001736	0,28					0,0001736	-3,6	
			0,0001738	0,3					0,0001738	-3,6	
			0,000174	0,34					0,000174	-3,6	
			0,0001742	0,32					0,0001742	-3,6	
			0,0001744	0,32					0,0001744	-3,8	
			0,0001746	0,32					0,0001746	-3,8	
			0,0001748	0,34					0,0001748	-4	
			0,000175	0,36					0,000175	-4	
			0,0001752	0,34					0,0001752	-4,2	
			0,0001754	0,34					0,0001754	-4	
			0,0001756	0,38					0,0001756	-4	
			0,0001758	0,36					0,0001758	-4,2	
			0,000176	0,36					0,000176	-4,4	
			0,0001762	0,38					0,0001762	-4,2	
			0,0001764	0,38					0,0001764	-4,4	
			0,0001766	0,4					0,0001766	-4,4	
			0,0001768	0,4					0,0001768	-4,4	
			0,000177	0,38					0,000177	-4,4	
			0,0001772	0,4					0,0001772	-4,4	
			0,0001774	0,42					0,0001774	-4,4	
			0,0001776	0,4					0,0001776	-4,6	
			0,0001778	0,44					0,0001778	-4,8	
			0,000178	0,42					0,000178	-4,8	
			0,0001782	0,44					0,0001782	-4,8	
			0,0001784	0,44					0,0001784	-4,8	
			0,0001786	0,44					0,0001786	-4,8	
			0,0001788	0,42					0,0001788	-4,8	
			0,000179	0,42					0,000179	-4,8	
			0,0001792	0,48					0,0001792	-5	
			0,0001794	0,46					0,0001794	-5	
			0,0001796	0,46					0,0001796	-5	
			0,0001798	0,48					0,0001798	-5,2	
			0,00018	0,5					0,00018	-5,2	
			0,0001802	0,46					0,0001802	-5,2	
			0,0001804	0,48					0,0001804	-5,4	
			0,0001806	0,48					0,0001806	-5,4	
			0,0001808	0,5					0,0001808	-5,4	
			0,000181	0,5					0,000181	-5,6	
			0,0001812	0,52					0,0001812	-5,4	
			0,0001814	0,5					0,0001814	-5,6	
			0,0001816	0,52					0,0001816	-5,6	
			0,0001818	0,52					0,0001818	-5,8	
			0,000182	0,54					0,000182	-5,6	
			0,0001822	0,52					0,0001822	-5,8	
			0,0001824	0,52					0,0001824	-6	
			0,0001826	0,54					0,0001826	-5,6	
			0,0001828	0,54					0,0001828	-6	
			0,000183	0,56					0,000183	-6	
			0,0001832	0,56					0,0001832	-6,2	
			0,0001834	0,58					0,0001834	-6,2	
			0,0001836	0,54					0,0001836	-6	
			0,0001838	0,54					0,0001838	-6,2	
			0,000184	0,58					0,000184	-6,2	
			0,0001842	0,58					0,0001842	-6,4	
			0,0001844	0,58					0,0001844	-6,2	
			0,0001846	0,6					0,0001846	-6,4	
			0,0001848	0,62					0,0001848	-6,4	
			0,000185	0,58					0,000185	-6,4	
			0,0001852	0,58					0,0001852	-6,6	
			0,0001854	0,6					0,0001854	-6,6	
			0,0001856	0,6					0,0001856	-6,6	
			0,0001858	0,64					0,0001858	-6,6	
			0,000186	0,64					0,000186	-6,6	
			0,0001862	0,64					0,0001862	-6,6	
			0,0001864	0,62					0,0001864	-7	
			0,0001866	0,68					0,0001866	-6,8	
			0,0001868	0,66					0,0001868	-7,2	
			0,000187	0,66					0,000187	-7,2	
			0,0001872	0,64					0,0001872	-7	
			0,0001874	0,68					0,0001874	-7,2	
			0,0001876	0,64					0,0001876	-7,2	
			0,0001878	0,68					0,0001878	-7,2	
			0,000188	0,66					0,000188	-7,2	
			0,0001882	0,66					0,0001882	-7,2	
			0,0001884	0,7					0,0001884	-7	
			0,0001886	0,68					0,0001886	-7,2	
			0,0001888	0,66					0,0001888	-7,2	
			0,000189	0,7					0,000189	-7,2	
			0,0001892	0,72					0,0001892	-7,4	
			0,0001894	0,68					0,0001894	-7,4	
			0,0001896	0,7					0,0001896	-7,6	
			0,0001898	0,7					0,0001898	-7,6	
			0,00019	0,7					0,00019	-7,4	
			0,0001902	0,7					0,0001902	-7,6	
			0,0001904	0,72					0,0001904	-7,8	
			0,0001906	0,72					0,0001906	-7,8	
			0,0001908	0,74					0,0001908	-7,8	
			0,000191	0,74					0,000191	-7,8	
			0,0001912	0,72					0,0001912	-7,8	
			0,0001914	0,72					0,0001914	-7,8	
			0,0001916	0,74					0,0001916	-8	
			0,0001918	0,74					0,0001918	-7,8	
			0,000192	0,74					0,000192	-8	
			0,0001922	0,74					0,0001922	-7,8	
			0,0001924	0,76					0,0001924	-8	
			0,0001926	0,74					0,0001926	-8	
			0,0001928	0,76					0,0001928	-8,4	
			0,000193	0,74					0,000193	-8	
			0,0001932	0,74					0,0001932	-8,2	
			0,0001934	0,74					0,0001934	-8,2	
			0,0001936	0,72					0,0001936	-8,4	
			0,0001938	0,78					0,0001938	-8,4	
			0,000194	0,8					0,000194	-8,6	
			0,0001942	0,76					0,0001942	-8,6	
			0,0001944	0,78					0,0001944	-8,6	
			0,0001946	0,78					0,0001946	-8,4	
			0,0001948	0,82					0,0001948	-8,6	
			0,000195	0,78					0,000195	-8,4	
			0,0001952	0,8					0,0001952	-8,6	
			0,0001954	0,8					0,0001954	-8,6	
			0,0001956	0,82					0,0001956	-8,8	
			0,0001958	0,8					0,0001958	-8,8	
			0,000196	0,8					0,000196	-8,8	
			0,0001962	0,82					0,0001962	-8,8	
			0,0001964	0,8					0,0001964	-8,6	
			0,0001966	0,82					0,0001966	-8,8	
			0,0001968	0,84					0,0001968	-8,8	
			0,000197	0,82					0,000197	-9	
			0,0001972	0,84					0,0001972	-8,8	
			0,0001974	0,84					0,0001974	-9	
			0,0001976	0,86					0,0001976	-8,8	
			0,0001978	0,82					0,0001978	-9	
			0,000198	0,84					0,000198	-9	
			0,0001982	0,84					0,0001982	-9	
			0,0001984	0,84					0,0001984	-8,8	
			0,0001986	0,86					0,0001986	-9	
			0,0001988	0,86					0,0001988	-8,8	
			0,000199	0,86					0,000199	-9	
			0,0001992	0,84					0,0001992	-8,8	
			0,0001994	0,86					0,0001994	-8,8	
			0,0001996	0,86					0,0001996	-8,8	
			0,0001998	0,88					0,0001998	-9	
			0,0002	0,84					0,0002	-9	
			0,0002002	0,88					0,0002002	-9,2	
			0,0002004	0,88					0,0002004	-9,2	
			0,0002006	0,9					0,0002006	-9	
			0,0002008	0,92					0,0002008	-8,8	
			0,000201	0,88					0,000201	-9	
			0,0002012	0,88					0,0002012	-9	
			0,0002014	0,88					0,0002014	-9	
			0,0002016	0,9					0,0002016	-9,2	
			0,0002018	0,88					0,0002018	-9	
			0,000202	0,88					0,000202	-9	
			0,0002022	0,92					0,0002022	-9	
			0,0002024	0,9					0,0002024	-8,8	
			0,0002026	0,88					0,0002026	-8,8	
			0,0002028	0,9					0,0002028	-9	
			0,000203	0,9					0,000203	-8,8	
			0,0002032	0,94					0,0002032	-9	
			0,0002034	0,9					0,0002034	-8,8	
			0,0002036	0,9					0,0002036	-9	
			0,0002038	0,92					0,0002038	-8,8	
			0,000204	0,9					0,000204	-9	
			0,0002042	0,9					0,0002042	-9	
			0,0002044	0,92					0,0002044	-8,8	
			0,0002046	0,9					0,0002046	-9	
			0,0002048	0,92					0,0002048	-9	
			0,000205	0,9					0,000205	-9	
			0,0002052	0,92					0,0002052	-8,8	
			0,0002054	0,94					0,0002054	-9	
			0,0002056	0,94					0,0002056	-9,2	
			0,0002058	0,92					0,0002058	-9	
			0,000206	0,96					0,000206	-9	
			0,0002062	0,92					0,0002062	-8,8	
			0,0002064	0,94					0,0002064	-9	
			0,0002066	0,9					0,0002066	-9,2	
			0,0002068	0,94					0,0002068	-8,8	
			0,000207	0,94					0,000207	-9	
			0,0002072	0,92					0,0002072	-9	
			0,0002074	0,94					0,0002074	-8,8	
			0,0002076	0,92					0,0002076	-8,8	
			0,0002078	0,96					0,0002078	-9	
			0,000208	0,96					0,000208	-8,8	
			0,0002082	0,98					0,0002082	-9	
			0,0002084	0,94					0,0002084	-9	
			0,0002086	0,94					0,0002086	-9,2	
			0,0002088	0,94					0,0002088	-8,8	
			0,000209	0,96					0,000209	-8,8	
			0,0002092	0,94					0,0002092	-9	
			0,0002094	0,94					0,0002094	-9	
			0,0002096	0,96					0,0002096	-9	
			0,0002098	0,94					0,0002098	-9	
			0,00021	0,92					0,00021	-9	
			0,0002102	0,94					0,0002102	-9	
			0,0002104	0,96					0,0002104	-9	
			0,0002106	0,94					0,0002106	-8,8	
			0,0002108	0,94					0,0002108	-9	
			0,000211	0,96					0,000211	-9	
			0,0002112	0,92					0,0002112	-8,8	
			0,0002114	0,96					0,0002114	-9	
			0,0002116	0,94					0,0002116	-9	
			0,0002118	0,96					0,0002118	-8,8	
			0,000212	0,98					0,000212	-9	
			0,0002122	0,94					0,0002122	-8,8	
			0,0002124	0,98					0,0002124	-8,8	
			0,0002126	0,96					0,0002126	-8,8	
			0,0002128	0,98					0,0002128	-8,8	
			0,000213	0,96					0,000213	-9	
			0,0002132	0,94					0,0002132	-9	
			0,0002134	0,94					0,0002134	-9	
			0,0002136	0,96					0,0002136	-9	
			0,0002138	0,96					0,0002138	-9	
			0,000214	0,96					0,000214	-9	
			0,0002142	0,98					0,0002142	-9	
			0,0002144	0,98					0,0002144	-9	
			0,0002146	0,98					0,0002146	-9	
			0,0002148	0,98					0,0002148	-9	
			0,000215	0,96					0,000215	-8,8	
			0,0002152	0,98					0,0002152	-9	
			0,0002154	0,96					0,0002154	-9	
			0,0002156	0,94					0,0002156	-8,8	
			0,0002158	0,98					0,0002158	-9	
			0,000216	0,98					0,000216	-9	
			0,0002162	0,94					0,0002162	-8,8	
			0,0002164	0,98					0,0002164	-8,8	
			0,0002166	0,96					0,0002166	-9	
			0,0002168	0,96					0,0002168	-8,8	
			0,000217	0,96					0,000217	-8,8	
			0,0002172	0,96					0,0002172	-9	
			0,0002174	0,98					0,0002174	-9	
			0,0002176	0,96					0,0002176	-9	
			0,0002178	0,96					0,0002178	-8,8	
			0,000218	0,98					0,000218	-9	
			0,0002182	0,96					0,0002182	-8,8	
			0,0002184	0,94					0,0002184	-8,8	
			0,0002186	0,94					0,0002186	-9	
			0,0002188	0,92					0,0002188	-8,8	
			0,000219	0,96					0,000219	-9	
			0,0002192	0,94					0,0002192	-8,8	
			0,0002194	0,96					0,0002194	-9	
			0,0002196	0,96					0,0002196	-9	
			0,0002198	0,92					0,0002198	-8,8	
			0,00022	0,96					0,00022	-9	
			0,0002202	0,94					0,0002202	-9	
			0,0002204	0,94					0,0002204	-9,2	
			0,0002206	0,94					0,0002206	-9	
			0,0002208	0,92					0,0002208	-9	
			0,000221	0,94					0,000221	-9	
			0,0002212	0,96					0,0002212	-9	
			0,0002214	0,94					0,0002214	-9	
			0,0002216	0,94					0,0002216	-9	
			0,0002218	0,94					0,0002218	-9	
			0,000222	0,94					0,000222	-9,2	
			0,0002222	0,92					0,0002222	-8,8	
			0,0002224	0,94					0,0002224	-9	
			0,0002226	0,92					0,0002226	-9,2	
			0,0002228	0,96					0,0002228	-8,8	
			0,000223	0,94					0,000223	-8,8	
			0,0002232	0,92					0,0002232	-9	
			0,0002234	0,88					0,0002234	-9	
			0,0002236	0,9					0,0002236	-8,6	
			0,0002238	0,9					0,0002238	-9	
			0,000224	0,92					0,000224	-8,8	
			0,0002242	0,9					0,0002242	-9	
			0,0002244	0,92					0,0002244	-9,2	
			0,0002246	0,9					0,0002246	-9	
			0,0002248	0,9					0,0002248	-8,8	
			0,000225	0,9					0,000225	-9	
			0,0002252	0,92					0,0002252	-9	
			0,0002254	0,92					0,0002254	-9	
			0,0002256	0,9					0,0002256	-9,2	
			0,0002258	0,9					0,0002258	-9	
			0,000226	0,88					0,000226	-8,8	
			0,0002262	0,88					0,0002262	-9	
			0,0002264	0,9					0,0002264	-8,8	
			0,0002266	0,9					0,0002266	-8,8	
			0,0002268	0,88					0,0002268	-9	
			0,000227	0,88					0,000227	-9	
			0,0002272	0,86					0,0002272	-8,8	
			0,0002274	0,88					0,0002274	-9	
			0,0002276	0,88					0,0002276	-9	
			0,0002278	0,9					0,0002278	-9	
			0,000228	0,9					0,000228	-8,8	
			0,0002282	0,86					0,0002282	-9	
			0,0002284	0,84					0,0002284	-9,2	
			0,0002286	0,86					0,0002286	-8,8	
			0,0002288	0,86					0,0002288	-9	
			0,000229	0,84					0,000229	-9,2	
			0,0002292	0,88					0,0002292	-8,8	
			0,0002294	0,84					0,0002294	-9	
			0,0002296	0,84					0,0002296	-9	
			0,0002298	0,86					0,0002298	-9,2	
			0,00023	0,86					0,00023	-9	
			0,0002302	0,84					0,0002302	-9	
			0,0002304	0,82					0,0002304	-9	
			0,0002306	0,84					0,0002306	-9,2	
			0,0002308	0,84					0,0002308	-9,2	
			0,000231	0,84					0,000231	-9	
			0,0002312	0,84					0,0002312	-9	
			0,0002314	0,82					0,0002314	-9	
			0,0002316	0,82					0,0002316	-9,2	
			0,0002318	0,82					0,0002318	-9	
			0,000232	0,82					0,000232	-9	
			0,0002322	0,84					0,0002322	-9	
			0,0002324	0,8					0,0002324	-9	
			0,0002326	0,8					0,0002326	-9	
			0,0002328	0,8					0,0002328	-9	
			0,000233	0,8					0,000233	-8,8	
			0,0002332	0,76					0,0002332	-8,8	
			0,0002334	0,8					0,0002334	-8,6	
			0,0002336	0,8					0,0002336	-8,6	
			0,0002338	0,8					0,0002338	-9	
			0,000234	0,8					0,000234	-8,8	
			0,0002342	0,76					0,0002342	-8,6	
			0,0002344	0,78					0,0002344	-8,4	
			0,0002346	0,76					0,0002346	-8,6	
			0,0002348	0,76					0,0002348	-8,8	
			0,000235	0,76					0,000235	-8,6	
			0,0002352	0,78					0,0002352	-8,4	
			0,0002354	0,78					0,0002354	-8,6	
			0,0002356	0,72					0,0002356	-8,6	
			0,0002358	0,76					0,0002358	-8,4	
			0,000236	0,76					0,000236	-8,4	
			0,0002362	0,74					0,0002362	-8,4	
			0,0002364	0,74					0,0002364	-8,4	
			0,0002366	0,74					0,0002366	-8,2	
			0,0002368	0,72					0,0002368	-8,4	
			0,000237	0,72					0,000237	-8	
			0,0002372	0,72					0,0002372	-8,4	
			0,0002374	0,72					0,0002374	-8	
			0,0002376	0,74					0,0002376	-8	
			0,0002378	0,7					0,0002378	-8	
			0,000238	0,7					0,000238	-8	
			0,0002382	0,72					0,0002382	-8	
			0,0002384	0,72					0,0002384	-8	
			0,0002386	0,7					0,0002386	-7,8	
			0,0002388	0,68					0,0002388	-7,6	
			0,000239	0,68					0,000239	-7,8	
			0,0002392	0,68					0,0002392	-7,6	
			0,0002394	0,7					0,0002394	-7,6	
			0,0002396	0,66					0,0002396	-7,6	
			0,0002398	0,64					0,0002398	-7,6	
			0,00024	0,66					0,00024	-7,4	
			0,0002402	0,64					0,0002402	-7,8	
			0,0002404	0,66					0,0002404	-7,4	
			0,0002406	0,64					0,0002406	-7,4	
			0,0002408	0,62					0,0002408	-7,4	
			0,000241	0,64					0,000241	-7,6	
			0,0002412	0,64					0,0002412	-7,2	
			0,0002414	0,62					0,0002414	-7,2	
			0,0002416	0,6					0,0002416	-7	
			0,0002418	0,6					0,0002418	-7,2	
			0,000242	0,62					0,000242	-7	
			0,0002422	0,6					0,0002422	-7,2	
			0,0002424	0,6					0,0002424	-7,2	
			0,0002426	0,58					0,0002426	-7	
			0,0002428	0,58					0,0002428	-6,8	
			0,000243	0,58					0,000243	-6,8	
			0,0002432	0,58					0,0002432	-7	
			0,0002434	0,56					0,0002434	-6,6	
			0,0002436	0,58					0,0002436	-6,8	
			0,0002438	0,58					0,0002438	-6,6	
			0,000244	0,56					0,000244	-6,6	
			0,0002442	0,56					0,0002442	-6,8	
			0,0002444	0,52					0,0002444	-6,4	
			0,0002446	0,52					0,0002446	-6,6	
			0,0002448	0,52					0,0002448	-6,2	
			0,000245	0,52					0,000245	-6,4	
			0,0002452	0,54					0,0002452	-6,4	
			0,0002454	0,5					0,0002454	-6,2	
			0,0002456	0,5					0,0002456	-6,2	
			0,0002458	0,52					0,0002458	-6,2	
			0,000246	0,54					0,000246	-6,2	
			0,0002462	0,48					0,0002462	-6	
			0,0002464	0,5					0,0002464	-6	
			0,0002466	0,48					0,0002466	-6	
			0,0002468	0,48					0,0002468	-6	
			0,000247	0,46					0,000247	-5,8	
			0,0002472	0,5					0,0002472	-5,8	
			0,0002474	0,48					0,0002474	-5,8	
			0,0002476	0,48					0,0002476	-5,8	
			0,0002478	0,46					0,0002478	-5,6	
			0,000248	0,46					0,000248	-5,6	
			0,0002482	0,46					0,0002482	-5,6	
			0,0002484	0,44					0,0002484	-5,6	
			0,0002486	0,44					0,0002486	-5,4	
			0,0002488	0,42					0,0002488	-5,4	
			0,000249	0,46					0,000249	-5,4	
			0,0002492	0,42					0,0002492	-5,4	
			0,0002494	0,42					0,0002494	-5,4	
			0,0002496	0,4					0,0002496	-5,4	
			0,0002498	0,4					0,0002498	-5	
