Record Length	2500	Points	-0,00025	0,46		Record Length	2500	Points	-0,00025	-4,4	
Sample Interval	2e-007	s	-0,0002498	0,48		Sample Interval	2e-007	s	-0,0002498	-4,6	
Trigger Point	1249,999899	Samples	-0,0002496	0,48		Trigger Point	1249,999899	Samples	-0,0002496	-4,6	
			-0,0002494	0,5					-0,0002494	-4,6	
			-0,0002492	0,5					-0,0002492	-4,8	
			-0,000249	0,5					-0,000249	-5	
Source	CH1		-0,0002488	0,48		Source	CH2		-0,0002488	-4,8	
Vertical Units	Volts		-0,0002486	0,5		Vertical Units	Volts		-0,0002486	-5	
Vertical Scale	499.999989E-3		-0,0002484	0,52		Vertical Scale	5.00000		-0,0002484	-5	
Vertical Offset	0		-0,0002482	0,52		Vertical Offset	0		-0,0002482	-5	
Horizontal Units	s		-0,000248	0,54		Horizontal Units	s		-0,000248	-5,2	
Horizontal Scale	50.00000E-6		-0,0002478	0,52		Horizontal Scale	50.00000E-6		-0,0002478	-5,2	
Pt Fmt	Y		-0,0002476	0,54		Pt Fmt	Y		-0,0002476	-5,2	
Yzero	440.000000E-3		-0,0002474	0,56		Yzero	0.0		-0,0002474	-5,4	
Probe Atten	1,000000		-0,0002472	0,56		Probe Atten	1,000000		-0,0002472	-5,4	
			-0,000247	0,58					-0,000247	-5,4	
Note	TDS 1012B - 16:44:29   24/10/2016		-0,0002468	0,56		Note	TDS 1012B - 16:44:29   24/10/2016		-0,0002468	-5,4	
			-0,0002466	0,52					-0,0002466	-5,6	
			-0,0002464	0,56					-0,0002464	-5,6	
			-0,0002462	0,58					-0,0002462	-5,6	
			-0,000246	0,58					-0,000246	-5,8	
			-0,0002458	0,58					-0,0002458	-6	
			-0,0002456	0,62					-0,0002456	-5,8	
			-0,0002454	0,62					-0,0002454	-6	
			-0,0002452	0,6					-0,0002452	-5,8	
			-0,000245	0,62					-0,000245	-6	
			-0,0002448	0,6					-0,0002448	-6	
			-0,0002446	0,62					-0,0002446	-6,2	
			-0,0002444	0,66					-0,0002444	-6,2	
			-0,0002442	0,62					-0,0002442	-6,4	
			-0,000244	0,66					-0,000244	-6,4	
			-0,0002438	0,66					-0,0002438	-6,4	
			-0,0002436	0,66					-0,0002436	-6,6	
			-0,0002434	0,66					-0,0002434	-6,6	
			-0,0002432	0,68					-0,0002432	-6,6	
			-0,000243	0,66					-0,000243	-6,8	
			-0,0002428	0,7					-0,0002428	-6,8	
			-0,0002426	0,72					-0,0002426	-6,6	
			-0,0002424	0,68					-0,0002424	-6,8	
			-0,0002422	0,7					-0,0002422	-6,8	
			-0,000242	0,72					-0,000242	-7	
			-0,0002418	0,7					-0,0002418	-7	
			-0,0002416	0,7					-0,0002416	-7	
			-0,0002414	0,72					-0,0002414	-7	
			-0,0002412	0,7					-0,0002412	-7,2	
			-0,000241	0,74					-0,000241	-7,2	
			-0,0002408	0,72					-0,0002408	-7,4	
			-0,0002406	0,74					-0,0002406	-7,2	
			-0,0002404	0,76					-0,0002404	-7,4	
			-0,0002402	0,78					-0,0002402	-7,6	
			-0,00024	0,76					-0,00024	-7,4	
			-0,0002398	0,76					-0,0002398	-7,6	
			-0,0002396	0,8					-0,0002396	-7,8	
			-0,0002394	0,76					-0,0002394	-7,6	
			-0,0002392	0,74					-0,0002392	-7,6	
			-0,000239	0,76					-0,000239	-7,8	
			-0,0002388	0,82					-0,0002388	-8	
			-0,0002386	0,76					-0,0002386	-8	
			-0,0002384	0,78					-0,0002384	-8	
			-0,0002382	0,8					-0,0002382	-7,8	
			-0,000238	0,78					-0,000238	-8	
			-0,0002378	0,86					-0,0002378	-8	
			-0,0002376	0,82					-0,0002376	-8,2	
			-0,0002374	0,82					-0,0002374	-8,4	
			-0,0002372	0,86					-0,0002372	-8,2	
			-0,000237	0,84					-0,000237	-8,4	
			-0,0002368	0,84					-0,0002368	-8,6	
			-0,0002366	0,86					-0,0002366	-8,6	
			-0,0002364	0,88					-0,0002364	-8,4	
			-0,0002362	0,88					-0,0002362	-8,6	
			-0,000236	0,86					-0,000236	-8,6	
			-0,0002358	0,88					-0,0002358	-8,8	
			-0,0002356	0,9					-0,0002356	-8,4	
			-0,0002354	0,88					-0,0002354	-8,6	
			-0,0002352	0,88					-0,0002352	-8,8	
			-0,000235	0,88					-0,000235	-8,6	
			-0,0002348	0,9					-0,0002348	-8,8	
			-0,0002346	0,9					-0,0002346	-8,8	
			-0,0002344	0,9					-0,0002344	-8,8	
			-0,0002342	0,94					-0,0002342	-8,8	
			-0,000234	0,9					-0,000234	-9	
			-0,0002338	0,92					-0,0002338	-9	
			-0,0002336	0,9					-0,0002336	-9	
			-0,0002334	0,92					-0,0002334	-9	
			-0,0002332	0,94					-0,0002332	-9,2	
			-0,000233	0,9					-0,000233	-9,2	
			-0,0002328	0,96					-0,0002328	-9,2	
			-0,0002326	0,94					-0,0002326	-9	
			-0,0002324	0,96					-0,0002324	-9,2	
			-0,0002322	0,98					-0,0002322	-9,4	
			-0,000232	0,94					-0,000232	-9,4	
			-0,0002318	0,98					-0,0002318	-9,2	
			-0,0002316	0,94					-0,0002316	-9,4	
			-0,0002314	0,98					-0,0002314	-9,4	
			-0,0002312	0,98					-0,0002312	-9,4	
			-0,000231	0,94					-0,000231	-9,6	
			-0,0002308	0,98					-0,0002308	-9,6	
			-0,0002306	1					-0,0002306	-9,8	
			-0,0002304	0,98					-0,0002304	-9,6	
			-0,0002302	0,98					-0,0002302	-9,6	
			-0,00023	0,98					-0,00023	-9,6	
			-0,0002298	1					-0,0002298	-9,8	
			-0,0002296	1,02					-0,0002296	-9,6	
			-0,0002294	0,98					-0,0002294	-9,6	
			-0,0002292	0,98					-0,0002292	-9,6	
			-0,000229	1,02					-0,000229	-9,8	
			-0,0002288	1,02					-0,0002288	-9,6	
			-0,0002286	1,04					-0,0002286	-9,8	
			-0,0002284	0,98					-0,0002284	-9,8	
			-0,0002282	1,02					-0,0002282	-9,8	
			-0,000228	1,04					-0,000228	-9,6	
			-0,0002278	1,02					-0,0002278	-9,6	
			-0,0002276	1,02					-0,0002276	-9,4	
			-0,0002274	1,04					-0,0002274	-9,6	
			-0,0002272	1,04					-0,0002272	-9,6	
			-0,000227	1,02					-0,000227	-10	
			-0,0002268	1,06					-0,0002268	-9,6	
			-0,0002266	1,06					-0,0002266	-9,6	
			-0,0002264	1,04					-0,0002264	-9,8	
			-0,0002262	1,08					-0,0002262	-9,4	
			-0,000226	1,06					-0,000226	-9,6	
			-0,0002258	1,04					-0,0002258	-9,6	
			-0,0002256	1,08					-0,0002256	-9,6	
			-0,0002254	1,08					-0,0002254	-9,8	
			-0,0002252	1,08					-0,0002252	-9,6	
			-0,000225	1,06					-0,000225	-9,6	
			-0,0002248	1,1					-0,0002248	-9,6	
			-0,0002246	1,1					-0,0002246	-9,8	
			-0,0002244	1,08					-0,0002244	-9,6	
			-0,0002242	1,1					-0,0002242	-9,8	
			-0,000224	1,1					-0,000224	-9,6	
			-0,0002238	1,1					-0,0002238	-9,8	
			-0,0002236	1,08					-0,0002236	-9,8	
			-0,0002234	1,1					-0,0002234	-9,8	
			-0,0002232	1,12					-0,0002232	-9,8	
			-0,000223	1,1					-0,000223	-9,8	
			-0,0002228	1,12					-0,0002228	-9,6	
			-0,0002226	1,1					-0,0002226	-9,6	
			-0,0002224	1,08					-0,0002224	-9,4	
			-0,0002222	1,12					-0,0002222	-9,6	
			-0,000222	1,12					-0,000222	-9,6	
			-0,0002218	1,1					-0,0002218	-9,6	
			-0,0002216	1,14					-0,0002216	-9,6	
			-0,0002214	1,14					-0,0002214	-9,6	
			-0,0002212	1,12					-0,0002212	-9,8	
			-0,000221	1,1					-0,000221	-9,6	
			-0,0002208	1,14					-0,0002208	-9,6	
			-0,0002206	1,1					-0,0002206	-9,6	
			-0,0002204	1,14					-0,0002204	-9,6	
			-0,0002202	1,12					-0,0002202	-9,6	
			-0,00022	1,16					-0,00022	-9,6	
			-0,0002198	1,14					-0,0002198	-9,6	
			-0,0002196	1,12					-0,0002196	-9,4	
			-0,0002194	1,12					-0,0002194	-9,6	
			-0,0002192	1,16					-0,0002192	-9,6	
			-0,000219	1,14					-0,000219	-9,8	
			-0,0002188	1,16					-0,0002188	-9,8	
			-0,0002186	1,14					-0,0002186	-9,6	
			-0,0002184	1,14					-0,0002184	-9,8	
			-0,0002182	1,12					-0,0002182	-9,8	
			-0,000218	1,14					-0,000218	-9,8	
			-0,0002178	1,12					-0,0002178	-9,6	
			-0,0002176	1,14					-0,0002176	-9,8	
			-0,0002174	1,18					-0,0002174	-9,6	
			-0,0002172	1,18					-0,0002172	-9,8	
			-0,000217	1,14					-0,000217	-9,6	
			-0,0002168	1,16					-0,0002168	-9,6	
			-0,0002166	1,18					-0,0002166	-9,6	
			-0,0002164	1,18					-0,0002164	-9,6	
			-0,0002162	1,16					-0,0002162	-9,4	
			-0,000216	1,14					-0,000216	-9,4	
			-0,0002158	1,14					-0,0002158	-9,6	
			-0,0002156	1,16					-0,0002156	-9,4	
			-0,0002154	1,16					-0,0002154	-9,6	
			-0,0002152	1,12					-0,0002152	-9,4	
			-0,000215	1,16					-0,000215	-9,6	
			-0,0002148	1,16					-0,0002148	-9,6	
			-0,0002146	1,16					-0,0002146	-9,6	
			-0,0002144	1,16					-0,0002144	-9,6	
			-0,0002142	1,16					-0,0002142	-9,6	
			-0,000214	1,16					-0,000214	-9,6	
			-0,0002138	1,16					-0,0002138	-9,6	
			-0,0002136	1,14					-0,0002136	-9,6	
			-0,0002134	1,18					-0,0002134	-9,6	
			-0,0002132	1,14					-0,0002132	-9,6	
			-0,000213	1,18					-0,000213	-9,6	
			-0,0002128	1,16					-0,0002128	-9,4	
			-0,0002126	1,16					-0,0002126	-9,6	
			-0,0002124	1,14					-0,0002124	-9,4	
			-0,0002122	1,18					-0,0002122	-9,6	
			-0,000212	1,16					-0,000212	-9,6	
			-0,0002118	1,16					-0,0002118	-9,4	
			-0,0002116	1,16					-0,0002116	-9,6	
			-0,0002114	1,16					-0,0002114	-9,8	
			-0,0002112	1,14					-0,0002112	-9,8	
			-0,000211	1,18					-0,000211	-9,6	
			-0,0002108	1,16					-0,0002108	-9,6	
			-0,0002106	1,18					-0,0002106	-9,8	
			-0,0002104	1,16					-0,0002104	-9,6	
			-0,0002102	1,16					-0,0002102	-9,6	
			-0,00021	1,18					-0,00021	-9,6	
			-0,0002098	1,2					-0,0002098	-9,6	
			-0,0002096	1,16					-0,0002096	-9,6	
			-0,0002094	1,16					-0,0002094	-9,6	
			-0,0002092	1,16					-0,0002092	-9,8	
			-0,000209	1,16					-0,000209	-9,6	
			-0,0002088	1,16					-0,0002088	-9,8	
			-0,0002086	1,2					-0,0002086	-9,8	
			-0,0002084	1,14					-0,0002084	-9,8	
			-0,0002082	1,16					-0,0002082	-9,6	
			-0,000208	1,18					-0,000208	-9,6	
			-0,0002078	1,16					-0,0002078	-9,6	
			-0,0002076	1,16					-0,0002076	-9,6	
			-0,0002074	1,16					-0,0002074	-9,6	
			-0,0002072	1,16					-0,0002072	-9,6	
			-0,000207	1,14					-0,000207	-9,4	
			-0,0002068	1,18					-0,0002068	-9,6	
			-0,0002066	1,18					-0,0002066	-9,6	
			-0,0002064	1,16					-0,0002064	-9,6	
			-0,0002062	1,14					-0,0002062	-9,6	
			-0,000206	1,12					-0,000206	-9,4	
			-0,0002058	1,14					-0,0002058	-9,6	
			-0,0002056	1,14					-0,0002056	-9,6	
			-0,0002054	1,16					-0,0002054	-9,6	
			-0,0002052	1,12					-0,0002052	-9,6	
			-0,000205	1,14					-0,000205	-9,6	
			-0,0002048	1,16					-0,0002048	-9,8	
			-0,0002046	1,12					-0,0002046	-9,6	
			-0,0002044	1,14					-0,0002044	-9,8	
			-0,0002042	1,14					-0,0002042	-9,6	
			-0,000204	1,14					-0,000204	-9,8	
			-0,0002038	1,12					-0,0002038	-9,8	
			-0,0002036	1,12					-0,0002036	-9,8	
			-0,0002034	1,1					-0,0002034	-9,8	
			-0,0002032	1,12					-0,0002032	-9,6	
			-0,000203	1,12					-0,000203	-9,4	
			-0,0002028	1,1					-0,0002028	-9,6	
			-0,0002026	1,12					-0,0002026	-9,6	
			-0,0002024	1,12					-0,0002024	-9,6	
			-0,0002022	1,12					-0,0002022	-9,8	
			-0,000202	1,1					-0,000202	-9,6	
			-0,0002018	1,12					-0,0002018	-9,8	
			-0,0002016	1,12					-0,0002016	-9,8	
			-0,0002014	1,1					-0,0002014	-9,8	
			-0,0002012	1,08					-0,0002012	-9,8	
			-0,000201	1,12					-0,000201	-9,8	
			-0,0002008	1,08					-0,0002008	-9,6	
			-0,0002006	1,08					-0,0002006	-9,6	
			-0,0002004	1,1					-0,0002004	-9,4	
			-0,0002002	1,08					-0,0002002	-9,6	
			-0,0002	1,1					-0,0002	-9,8	
			-0,0001998	1,08					-0,0001998	-9,6	
			-0,0001996	1,06					-0,0001996	-9,8	
			-0,0001994	1,08					-0,0001994	-9,8	
			-0,0001992	1,08					-0,0001992	-9,8	
			-0,000199	1,1					-0,000199	-9,8	
			-0,0001988	1,06					-0,0001988	-9,6	
			-0,0001986	1,04					-0,0001986	-9,4	
			-0,0001984	1,04					-0,0001984	-9,6	
			-0,0001982	1,08					-0,0001982	-9,8	
			-0,000198	1,06					-0,000198	-9,6	
			-0,0001978	1,06					-0,0001978	-9,8	
			-0,0001976	1,04					-0,0001976	-9,6	
			-0,0001974	1,04					-0,0001974	-9,6	
			-0,0001972	1,02					-0,0001972	-9,8	
			-0,000197	1,02					-0,000197	-9,6	
			-0,0001968	1,08					-0,0001968	-9,8	
			-0,0001966	1,06					-0,0001966	-9,6	
			-0,0001964	1,06					-0,0001964	-9,6	
			-0,0001962	1,04					-0,0001962	-9,6	
			-0,000196	1,04					-0,000196	-9,8	
			-0,0001958	1,02					-0,0001958	-9,6	
			-0,0001956	1,02					-0,0001956	-9,8	
			-0,0001954	1					-0,0001954	-9,6	
			-0,0001952	1					-0,0001952	-9,6	
			-0,000195	1					-0,000195	-9,8	
			-0,0001948	1					-0,0001948	-10	
			-0,0001946	0,98					-0,0001946	-9,8	
			-0,0001944	0,98					-0,0001944	-9,8	
			-0,0001942	1,02					-0,0001942	-9,8	
			-0,000194	1					-0,000194	-9,6	
			-0,0001938	1					-0,0001938	-9,8	
			-0,0001936	0,98					-0,0001936	-9,8	
			-0,0001934	0,98					-0,0001934	-10	
			-0,0001932	1					-0,0001932	-9,6	
			-0,000193	0,96					-0,000193	-9,6	
			-0,0001928	0,96					-0,0001928	-9,8	
			-0,0001926	0,98					-0,0001926	-9,8	
			-0,0001924	0,94					-0,0001924	-9,6	
			-0,0001922	0,94					-0,0001922	-9,8	
			-0,000192	0,94					-0,000192	-9,8	
			-0,0001918	0,94					-0,0001918	-9,6	
			-0,0001916	0,92					-0,0001916	-9,8	
			-0,0001914	0,9					-0,0001914	-9,8	
			-0,0001912	0,92					-0,0001912	-9,8	
			-0,000191	0,92					-0,000191	-9,8	
			-0,0001908	0,9					-0,0001908	-9,8	
			-0,0001906	0,94					-0,0001906	-9,6	
			-0,0001904	0,92					-0,0001904	-9,6	
			-0,0001902	0,88					-0,0001902	-9,4	
			-0,00019	0,92					-0,00019	-9,2	
			-0,0001898	0,88					-0,0001898	-9,4	
			-0,0001896	0,86					-0,0001896	-9,4	
			-0,0001894	0,9					-0,0001894	-9,6	
			-0,0001892	0,86					-0,0001892	-9,4	
			-0,000189	0,88					-0,000189	-9	
			-0,0001888	0,84					-0,0001888	-9,4	
			-0,0001886	0,86					-0,0001886	-9,2	
			-0,0001884	0,84					-0,0001884	-9,2	
			-0,0001882	0,88					-0,0001882	-9	
			-0,000188	0,86					-0,000188	-8,6	
			-0,0001878	0,84					-0,0001878	-8,8	
			-0,0001876	0,82					-0,0001876	-8,8	
			-0,0001874	0,82					-0,0001874	-9	
			-0,0001872	0,82					-0,0001872	-8,8	
			-0,000187	0,84					-0,000187	-8,8	
			-0,0001868	0,82					-0,0001868	-8,6	
			-0,0001866	0,84					-0,0001866	-8,6	
			-0,0001864	0,82					-0,0001864	-8,4	
			-0,0001862	0,82					-0,0001862	-8,6	
			-0,000186	0,82					-0,000186	-8,4	
			-0,0001858	0,82					-0,0001858	-8,4	
			-0,0001856	0,78					-0,0001856	-8,6	
			-0,0001854	0,76					-0,0001854	-8	
			-0,0001852	0,76					-0,0001852	-8,2	
			-0,000185	0,78					-0,000185	-8,2	
			-0,0001848	0,72					-0,0001848	-8,2	
			-0,0001846	0,74					-0,0001846	-8,2	
			-0,0001844	0,74					-0,0001844	-8,2	
			-0,0001842	0,74					-0,0001842	-8	
			-0,000184	0,76					-0,000184	-8	
			-0,0001838	0,74					-0,0001838	-8	
			-0,0001836	0,72					-0,0001836	-7,8	
			-0,0001834	0,74					-0,0001834	-7,8	
			-0,0001832	0,72					-0,0001832	-7,6	
			-0,000183	0,72					-0,000183	-7,6	
			-0,0001828	0,66					-0,0001828	-7,6	
			-0,0001826	0,72					-0,0001826	-7,6	
			-0,0001824	0,7					-0,0001824	-7,4	
			-0,0001822	0,7					-0,0001822	-7,4	
			-0,000182	0,68					-0,000182	-7,4	
			-0,0001818	0,66					-0,0001818	-7,2	
			-0,0001816	0,68					-0,0001816	-7,2	
			-0,0001814	0,64					-0,0001814	-7,2	
			-0,0001812	0,66					-0,0001812	-7	
			-0,000181	0,64					-0,000181	-7	
			-0,0001808	0,64					-0,0001808	-7	
			-0,0001806	0,66					-0,0001806	-6,8	
			-0,0001804	0,62					-0,0001804	-6,8	
			-0,0001802	0,64					-0,0001802	-6,6	
			-0,00018	0,62					-0,00018	-6,6	
			-0,0001798	0,6					-0,0001798	-6,8	
			-0,0001796	0,6					-0,0001796	-6,6	
			-0,0001794	0,58					-0,0001794	-6,6	
			-0,0001792	0,6					-0,0001792	-6,6	
			-0,000179	0,58					-0,000179	-6,4	
			-0,0001788	0,58					-0,0001788	-6,4	
			-0,0001786	0,58					-0,0001786	-6,4	
			-0,0001784	0,58					-0,0001784	-6,2	
			-0,0001782	0,56					-0,0001782	-6,2	
			-0,000178	0,56					-0,000178	-6,2	
			-0,0001778	0,54					-0,0001778	-6,2	
			-0,0001776	0,54					-0,0001776	-6	
			-0,0001774	0,52					-0,0001774	-5,8	
			-0,0001772	0,52					-0,0001772	-6	
			-0,000177	0,52					-0,000177	-5,8	
			-0,0001768	0,52					-0,0001768	-5,8	
			-0,0001766	0,52					-0,0001766	-5,6	
			-0,0001764	0,52					-0,0001764	-5,6	
			-0,0001762	0,5					-0,0001762	-5,4	
			-0,000176	0,5					-0,000176	-5,6	
			-0,0001758	0,46					-0,0001758	-5,4	
			-0,0001756	0,48					-0,0001756	-5,2	
			-0,0001754	0,48					-0,0001754	-5,2	
			-0,0001752	0,44					-0,0001752	-5,4	
			-0,000175	0,48					-0,000175	-5,2	
			-0,0001748	0,4					-0,0001748	-5,2	
			-0,0001746	0,44					-0,0001746	-5,2	
			-0,0001744	0,44					-0,0001744	-5,2	
			-0,0001742	0,42					-0,0001742	-4,8	
			-0,000174	0,38					-0,000174	-5	
			-0,0001738	0,4					-0,0001738	-5	
			-0,0001736	0,38					-0,0001736	-4,8	
			-0,0001734	0,4					-0,0001734	-4,6	
			-0,0001732	0,4					-0,0001732	-4,6	
			-0,000173	0,4					-0,000173	-4,4	
			-0,0001728	0,38					-0,0001728	-4,4	
			-0,0001726	0,34					-0,0001726	-4,4	
			-0,0001724	0,34					-0,0001724	-4,4	
			-0,0001722	0,34					-0,0001722	-4,2	
			-0,000172	0,38					-0,000172	-4,4	
			-0,0001718	0,34					-0,0001718	-4	
			-0,0001716	0,32					-0,0001716	-4	
			-0,0001714	0,32					-0,0001714	-4	
			-0,0001712	0,32					-0,0001712	-4,2	
			-0,000171	0,32					-0,000171	-3,8	
			-0,0001708	0,32					-0,0001708	-3,6	
			-0,0001706	0,28					-0,0001706	-3,6	
			-0,0001704	0,28					-0,0001704	-3,6	
			-0,0001702	0,28					-0,0001702	-3,6	
			-0,00017	0,24					-0,00017	-3,4	
			-0,0001698	0,26					-0,0001698	-3,2	
			-0,0001696	0,24					-0,0001696	-3,4	
			-0,0001694	0,24					-0,0001694	-3,2	
			-0,0001692	0,26					-0,0001692	-3,2	
			-0,000169	0,24					-0,000169	-3	
			-0,0001688	0,24					-0,0001688	-3,2	
			-0,0001686	0,22					-0,0001686	-3	
			-0,0001684	0,2					-0,0001684	-3,2	
			-0,0001682	0,2					-0,0001682	-2,8	
			-0,000168	0,2					-0,000168	-3	
			-0,0001678	0,2					-0,0001678	-2,8	
			-0,0001676	0,2					-0,0001676	-2,8	
			-0,0001674	0,18					-0,0001674	-2,6	
			-0,0001672	0,18					-0,0001672	-2,6	
			-0,000167	0,18					-0,000167	-2,4	
			-0,0001668	0,16					-0,0001668	-2,4	
			-0,0001666	0,14					-0,0001666	-2	
			-0,0001664	0,16					-0,0001664	-2,4	
			-0,0001662	0,14					-0,0001662	-2,2	
			-0,000166	0,16					-0,000166	-2	
			-0,0001658	0,1					-0,0001658	-2	
			-0,0001656	0,1					-0,0001656	-1,8	
			-0,0001654	0,1					-0,0001654	-1,8	
			-0,0001652	0,1					-0,0001652	-1,8	
			-0,000165	0,1					-0,000165	-1,8	
			-0,0001648	0,08					-0,0001648	-1,6	
			-0,0001646	0,08					-0,0001646	-1,6	
			-0,0001644	0,08					-0,0001644	-1,4	
			-0,0001642	0,06					-0,0001642	-1,4	
			-0,000164	0,06					-0,000164	-1,6	
			-0,0001638	0,06					-0,0001638	-1,4	
			-0,0001636	0,02					-0,0001636	-1,2	
			-0,0001634	0,02					-0,0001634	-1	
			-0,0001632	-0,02					-0,0001632	-1	
			-0,000163	0,02					-0,000163	-1	
			-0,0001628	0					-0,0001628	-1	
			-0,0001626	0					-0,0001626	-0,6	
			-0,0001624	-0,04					-0,0001624	-0,8	
			-0,0001622	-0,02					-0,0001622	-0,6	
			-0,000162	-0,02					-0,000162	-0,6	
			-0,0001618	-0,06					-0,0001618	-0,6	
			-0,0001616	-0,08					-0,0001616	-0,4	
			-0,0001614	-0,06					-0,0001614	-0,4	
			-0,0001612	-0,06					-0,0001612	-0,4	
			-0,000161	-0,06					-0,000161	-0,2	
			-0,0001608	-0,08					-0,0001608	-0,2	
			-0,0001606	-0,08					-0,0001606	0	
			-0,0001604	-0,1					-0,0001604	0	
			-0,0001602	-0,12					-0,0001602	0	
			-0,00016	-0,1					-0,00016	0	
			-0,0001598	-0,12					-0,0001598	0,2	
			-0,0001596	-0,14					-0,0001596	0,4	
			-0,0001594	-0,14					-0,0001594	0,6	
			-0,0001592	-0,14					-0,0001592	0,6	
			-0,000159	-0,14					-0,000159	0,4	
			-0,0001588	-0,18					-0,0001588	0,8	
			-0,0001586	-0,18					-0,0001586	0,8	
			-0,0001584	-0,18					-0,0001584	0,8	
			-0,0001582	-0,18					-0,0001582	0,6	
			-0,000158	-0,18					-0,000158	0,8	
			-0,0001578	-0,2					-0,0001578	0,8	
			-0,0001576	-0,18					-0,0001576	0,8	
			-0,0001574	-0,22					-0,0001574	1	
			-0,0001572	-0,24					-0,0001572	1	
			-0,000157	-0,2					-0,000157	1,2	
			-0,0001568	-0,22					-0,0001568	1,4	
			-0,0001566	-0,26					-0,0001566	1,6	
			-0,0001564	-0,24					-0,0001564	1,4	
			-0,0001562	-0,26					-0,0001562	1,6	
			-0,000156	-0,28					-0,000156	1,6	
			-0,0001558	-0,28					-0,0001558	1,8	
			-0,0001556	-0,28					-0,0001556	1,8	
			-0,0001554	-0,3					-0,0001554	2	
			-0,0001552	-0,3					-0,0001552	1,8	
			-0,000155	-0,32					-0,000155	2	
			-0,0001548	-0,32					-0,0001548	2	
			-0,0001546	-0,3					-0,0001546	2,2	
			-0,0001544	-0,3					-0,0001544	2,2	
			-0,0001542	-0,32					-0,0001542	2,2	
			-0,000154	-0,34					-0,000154	2,4	
			-0,0001538	-0,34					-0,0001538	2,4	
			-0,0001536	-0,36					-0,0001536	2,4	
			-0,0001534	-0,36					-0,0001534	2,6	
			-0,0001532	-0,38					-0,0001532	2,6	
			-0,000153	-0,38					-0,000153	2,8	
			-0,0001528	-0,38					-0,0001528	3	
			-0,0001526	-0,4					-0,0001526	2,8	
			-0,0001524	-0,42					-0,0001524	2,8	
			-0,0001522	-0,4					-0,0001522	3	
			-0,000152	-0,44					-0,000152	3,2	
			-0,0001518	-0,42					-0,0001518	3,2	
			-0,0001516	-0,46					-0,0001516	3,2	
			-0,0001514	-0,44					-0,0001514	3,4	
			-0,0001512	-0,46					-0,0001512	3,4	
			-0,000151	-0,46					-0,000151	3,4	
			-0,0001508	-0,46					-0,0001508	3,4	
			-0,0001506	-0,46					-0,0001506	3,4	
			-0,0001504	-0,52					-0,0001504	3,6	
			-0,0001502	-0,52					-0,0001502	3,6	
			-0,00015	-0,48					-0,00015	3,6	
			-0,0001498	-0,48					-0,0001498	4	
			-0,0001496	-0,5					-0,0001496	3,8	
			-0,0001494	-0,5					-0,0001494	3,8	
			-0,0001492	-0,56					-0,0001492	4	
			-0,000149	-0,52					-0,000149	4	
			-0,0001488	-0,56					-0,0001488	4,2	
			-0,0001486	-0,54					-0,0001486	4,2	
			-0,0001484	-0,54					-0,0001484	4,4	
			-0,0001482	-0,6					-0,0001482	4,2	
			-0,000148	-0,6					-0,000148	4,2	
			-0,0001478	-0,6					-0,0001478	4,6	
			-0,0001476	-0,6					-0,0001476	4,6	
			-0,0001474	-0,6					-0,0001474	4,6	
			-0,0001472	-0,62					-0,0001472	4,4	
			-0,000147	-0,6					-0,000147	4,6	
			-0,0001468	-0,66					-0,0001468	5	
			-0,0001466	-0,62					-0,0001466	5	
			-0,0001464	-0,64					-0,0001464	5	
			-0,0001462	-0,64					-0,0001462	5	
			-0,000146	-0,64					-0,000146	5,2	
			-0,0001458	-0,64					-0,0001458	5,2	
			-0,0001456	-0,66					-0,0001456	5,2	
			-0,0001454	-0,68					-0,0001454	5,6	
			-0,0001452	-0,7					-0,0001452	5,4	
			-0,000145	-0,66					-0,000145	5,4	
			-0,0001448	-0,7					-0,0001448	5,6	
			-0,0001446	-0,68					-0,0001446	5,6	
			-0,0001444	-0,7					-0,0001444	5,6	
			-0,0001442	-0,72					-0,0001442	5,8	
			-0,000144	-0,7					-0,000144	5,6	
			-0,0001438	-0,74					-0,0001438	5,8	
			-0,0001436	-0,72					-0,0001436	6	
			-0,0001434	-0,76					-0,0001434	6	
			-0,0001432	-0,72					-0,0001432	5,8	
			-0,000143	-0,76					-0,000143	6,2	
			-0,0001428	-0,76					-0,0001428	6,2	
			-0,0001426	-0,78					-0,0001426	6	
			-0,0001424	-0,78					-0,0001424	6,2	
			-0,0001422	-0,76					-0,0001422	6,2	
			-0,000142	-0,8					-0,000142	6,4	
			-0,0001418	-0,8					-0,0001418	6,4	
			-0,0001416	-0,8					-0,0001416	6,4	
			-0,0001414	-0,8					-0,0001414	6,6	
			-0,0001412	-0,82					-0,0001412	6,4	
			-0,000141	-0,82					-0,000141	6,8	
			-0,0001408	-0,84					-0,0001408	6,8	
			-0,0001406	-0,86					-0,0001406	7	
			-0,0001404	-0,86					-0,0001404	6,8	
			-0,0001402	-0,84					-0,0001402	6,8	
			-0,00014	-0,84					-0,00014	7	
			-0,0001398	-0,86					-0,0001398	7,2	
			-0,0001396	-0,88					-0,0001396	7,2	
			-0,0001394	-0,88					-0,0001394	7,2	
			-0,0001392	-0,9					-0,0001392	7,2	
			-0,000139	-0,92					-0,000139	7,2	
			-0,0001388	-0,9					-0,0001388	7,2	
			-0,0001386	-0,9					-0,0001386	7,2	
			-0,0001384	-0,9					-0,0001384	7,4	
			-0,0001382	-0,9					-0,0001382	7,6	
			-0,000138	-0,9					-0,000138	7,6	
			-0,0001378	-0,9					-0,0001378	7,4	
			-0,0001376	-0,92					-0,0001376	7,6	
			-0,0001374	-0,92					-0,0001374	7,6	
			-0,0001372	-0,96					-0,0001372	7,6	
			-0,000137	-0,94					-0,000137	7,8	
			-0,0001368	-0,94					-0,0001368	8	
			-0,0001366	-0,96					-0,0001366	7,8	
			-0,0001364	-0,96					-0,0001364	7,8	
			-0,0001362	-0,96					-0,0001362	7,8	
			-0,000136	-1					-0,000136	7,8	
			-0,0001358	-1					-0,0001358	8	
			-0,0001356	-1					-0,0001356	7,8	
			-0,0001354	-1					-0,0001354	8	
			-0,0001352	-1,02					-0,0001352	8	
			-0,000135	-1					-0,000135	7,8	
			-0,0001348	-1,02					-0,0001348	8,2	
			-0,0001346	-1					-0,0001346	8	
			-0,0001344	-1,02					-0,0001344	8	
			-0,0001342	-1,04					-0,0001342	8	
			-0,000134	-1,06					-0,000134	8,2	
			-0,0001338	-1,06					-0,0001338	8,4	
			-0,0001336	-1,04					-0,0001336	8,2	
			-0,0001334	-1,06					-0,0001334	8,2	
			-0,0001332	-1,04					-0,0001332	8,2	
			-0,000133	-1,06					-0,000133	8,2	
			-0,0001328	-1,08					-0,0001328	8,2	
			-0,0001326	-1,06					-0,0001326	8,2	
			-0,0001324	-1,08					-0,0001324	8,2	
			-0,0001322	-1,1					-0,0001322	8,4	
			-0,000132	-1,08					-0,000132	8,2	
			-0,0001318	-1,12					-0,0001318	8,2	
			-0,0001316	-1,1					-0,0001316	8,4	
			-0,0001314	-1,12					-0,0001314	8,4	
			-0,0001312	-1,1					-0,0001312	8,2	
			-0,000131	-1,14					-0,000131	8,4	
			-0,0001308	-1,12					-0,0001308	8,2	
			-0,0001306	-1,14					-0,0001306	8,2	
			-0,0001304	-1,14					-0,0001304	8,2	
			-0,0001302	-1,14					-0,0001302	8,4	
			-0,00013	-1,16					-0,00013	8,4	
			-0,0001298	-1,14					-0,0001298	8,4	
			-0,0001296	-1,14					-0,0001296	8,4	
			-0,0001294	-1,18					-0,0001294	8,4	
			-0,0001292	-1,16					-0,0001292	8,2	
			-0,000129	-1,16					-0,000129	8,4	
			-0,0001288	-1,18					-0,0001288	8,4	
			-0,0001286	-1,16					-0,0001286	8,2	
			-0,0001284	-1,2					-0,0001284	8	
			-0,0001282	-1,2					-0,0001282	8,2	
			-0,000128	-1,18					-0,000128	8,2	
			-0,0001278	-1,2					-0,0001278	8,4	
			-0,0001276	-1,2					-0,0001276	8,2	
			-0,0001274	-1,24					-0,0001274	8,4	
			-0,0001272	-1,18					-0,0001272	8,4	
			-0,000127	-1,2					-0,000127	8,6	
			-0,0001268	-1,24					-0,0001268	8,4	
			-0,0001266	-1,24					-0,0001266	8,4	
			-0,0001264	-1,24					-0,0001264	8,4	
			-0,0001262	-1,24					-0,0001262	8,2	
			-0,000126	-1,24					-0,000126	8,4	
			-0,0001258	-1,24					-0,0001258	8,4	
			-0,0001256	-1,24					-0,0001256	8,2	
			-0,0001254	-1,24					-0,0001254	8,4	
			-0,0001252	-1,28					-0,0001252	8,6	
			-0,000125	-1,24					-0,000125	8,4	
			-0,0001248	-1,26					-0,0001248	8,4	
			-0,0001246	-1,28					-0,0001246	8,4	
			-0,0001244	-1,26					-0,0001244	8,4	
			-0,0001242	-1,26					-0,0001242	8,4	
			-0,000124	-1,28					-0,000124	8,4	
			-0,0001238	-1,28					-0,0001238	8,4	
			-0,0001236	-1,26					-0,0001236	8,4	
			-0,0001234	-1,3					-0,0001234	8	
			-0,0001232	-1,28					-0,0001232	8,4	
			-0,000123	-1,28					-0,000123	8,4	
			-0,0001228	-1,28					-0,0001228	8,4	
			-0,0001226	-1,3					-0,0001226	8,4	
			-0,0001224	-1,3					-0,0001224	8,4	
			-0,0001222	-1,3					-0,0001222	8,4	
			-0,000122	-1,3					-0,000122	8,4	
			-0,0001218	-1,32					-0,0001218	8,4	
			-0,0001216	-1,34					-0,0001216	8,2	
			-0,0001214	-1,32					-0,0001214	8,4	
			-0,0001212	-1,32					-0,0001212	8,2	
			-0,000121	-1,32					-0,000121	8,2	
			-0,0001208	-1,36					-0,0001208	8,4	
			-0,0001206	-1,36					-0,0001206	8,4	
			-0,0001204	-1,32					-0,0001204	8,6	
			-0,0001202	-1,36					-0,0001202	8,6	
			-0,00012	-1,34					-0,00012	8,4	
			-0,0001198	-1,3					-0,0001198	8,4	
			-0,0001196	-1,36					-0,0001196	8,4	
			-0,0001194	-1,34					-0,0001194	8,4	
			-0,0001192	-1,36					-0,0001192	8,4	
			-0,000119	-1,36					-0,000119	8,4	
			-0,0001188	-1,34					-0,0001188	8,4	
			-0,0001186	-1,38					-0,0001186	8,4	
			-0,0001184	-1,38					-0,0001184	8,4	
			-0,0001182	-1,36					-0,0001182	8,2	
			-0,000118	-1,38					-0,000118	8,4	
			-0,0001178	-1,36					-0,0001178	8,4	
			-0,0001176	-1,38					-0,0001176	8,4	
			-0,0001174	-1,38					-0,0001174	8,6	
			-0,0001172	-1,38					-0,0001172	8,6	
			-0,000117	-1,36					-0,000117	8,4	
			-0,0001168	-1,38					-0,0001168	8,4	
			-0,0001166	-1,36					-0,0001166	8,4	
			-0,0001164	-1,36					-0,0001164	8,4	
			-0,0001162	-1,4					-0,0001162	8,4	
			-0,000116	-1,36					-0,000116	8,4	
			-0,0001158	-1,36					-0,0001158	8,4	
			-0,0001156	-1,4					-0,0001156	8,6	
			-0,0001154	-1,4					-0,0001154	8,2	
			-0,0001152	-1,4					-0,0001152	8,2	
			-0,000115	-1,4					-0,000115	8,4	
			-0,0001148	-1,4					-0,0001148	8,2	
			-0,0001146	-1,38					-0,0001146	8,4	
			-0,0001144	-1,42					-0,0001144	8,2	
			-0,0001142	-1,42					-0,0001142	8,2	
			-0,000114	-1,4					-0,000114	8,6	
			-0,0001138	-1,38					-0,0001138	8,4	
			-0,0001136	-1,42					-0,0001136	8,4	
			-0,0001134	-1,42					-0,0001134	8,4	
			-0,0001132	-1,4					-0,0001132	8,4	
			-0,000113	-1,42					-0,000113	8,4	
			-0,0001128	-1,4					-0,0001128	8,2	
			-0,0001126	-1,42					-0,0001126	8,4	
			-0,0001124	-1,44					-0,0001124	8,4	
			-0,0001122	-1,4					-0,0001122	8,2	
			-0,000112	-1,42					-0,000112	8,6	
			-0,0001118	-1,42					-0,0001118	8,2	
			-0,0001116	-1,4					-0,0001116	8,6	
			-0,0001114	-1,4					-0,0001114	8,4	
			-0,0001112	-1,42					-0,0001112	8,4	
			-0,000111	-1,42					-0,000111	8,6	
			-0,0001108	-1,42					-0,0001108	8,4	
			-0,0001106	-1,42					-0,0001106	8,4	
			-0,0001104	-1,42					-0,0001104	8,4	
			-0,0001102	-1,42					-0,0001102	8,2	
			-0,00011	-1,42					-0,00011	8,4	
			-0,0001098	-1,4					-0,0001098	8,4	
			-0,0001096	-1,42					-0,0001096	8,4	
			-0,0001094	-1,4					-0,0001094	8,4	
			-0,0001092	-1,44					-0,0001092	8,4	
			-0,000109	-1,42					-0,000109	8,4	
			-0,0001088	-1,4					-0,0001088	8,4	
			-0,0001086	-1,4					-0,0001086	8,6	
			-0,0001084	-1,4					-0,0001084	8,4	
			-0,0001082	-1,42					-0,0001082	8,4	
			-0,000108	-1,4					-0,000108	8,2	
			-0,0001078	-1,42					-0,0001078	8,4	
			-0,0001076	-1,44					-0,0001076	8,4	
			-0,0001074	-1,38					-0,0001074	8,4	
			-0,0001072	-1,4					-0,0001072	8,4	
			-0,000107	-1,4					-0,000107	8,4	
			-0,0001068	-1,42					-0,0001068	8,4	
			-0,0001066	-1,42					-0,0001066	8,4	
			-0,0001064	-1,4					-0,0001064	8,4	
			-0,0001062	-1,42					-0,0001062	8,2	
			-0,000106	-1,42					-0,000106	8,4	
			-0,0001058	-1,38					-0,0001058	8,6	
			-0,0001056	-1,42					-0,0001056	8,4	
			-0,0001054	-1,4					-0,0001054	8,4	
			-0,0001052	-1,42					-0,0001052	8,4	
			-0,000105	-1,42					-0,000105	8,4	
			-0,0001048	-1,44					-0,0001048	8,2	
			-0,0001046	-1,38					-0,0001046	8,2	
			-0,0001044	-1,42					-0,0001044	8,2	
			-0,0001042	-1,44					-0,0001042	8,2	
			-0,000104	-1,4					-0,000104	8,4	
			-0,0001038	-1,4					-0,0001038	8,4	
			-0,0001036	-1,42					-0,0001036	8,4	
			-0,0001034	-1,44					-0,0001034	8,2	
			-0,0001032	-1,4					-0,0001032	8,4	
			-0,000103	-1,44					-0,000103	8,2	
			-0,0001028	-1,44					-0,0001028	8,6	
			-0,0001026	-1,42					-0,0001026	8,6	
			-0,0001024	-1,38					-0,0001024	8,6	
			-0,0001022	-1,4					-0,0001022	8,2	
			-0,000102	-1,42					-0,000102	8,4	
			-0,0001018	-1,42					-0,0001018	8,2	
			-0,0001016	-1,4					-0,0001016	8,2	
			-0,0001014	-1,4					-0,0001014	8,4	
			-0,0001012	-1,4					-0,0001012	8,4	
			-0,000101	-1,38					-0,000101	8,4	
			-0,0001008	-1,42					-0,0001008	8,4	
			-0,0001006	-1,38					-0,0001006	8,4	
			-0,0001004	-1,38					-0,0001004	8,2	
			-0,0001002	-1,4					-0,0001002	8,4	
			-0,0001	-1,4					-0,0001	8,2	
			-9,98e-005	-1,4					-9,98e-005	8,4	
			-9,96e-005	-1,4					-9,96e-005	8,4	
			-9,94e-005	-1,4					-9,94e-005	8,4	
			-9,92e-005	-1,4					-9,92e-005	8,4	
			-9,9e-005	-1,38					-9,9e-005	8,2	
			-9,88e-005	-1,38					-9,88e-005	8,4	
			-9,86e-005	-1,36					-9,86e-005	8,4	
			-9,84e-005	-1,38					-9,84e-005	8,2	
			-9,82e-005	-1,38					-9,82e-005	8,4	
			-9,8e-005	-1,4					-9,8e-005	8,2	
			-9,78e-005	-1,34					-9,78e-005	8,4	
			-9,76e-005	-1,4					-9,76e-005	8,4	
			-9,74e-005	-1,36					-9,74e-005	8,4	
			-9,72e-005	-1,38					-9,72e-005	8,4	
			-9,7e-005	-1,36					-9,7e-005	8,2	
			-9,68e-005	-1,38					-9,68e-005	8,4	
			-9,66e-005	-1,36					-9,66e-005	8,2	
			-9,64e-005	-1,38					-9,64e-005	8,6	
			-9,62e-005	-1,38					-9,62e-005	8,4	
			-9,6e-005	-1,4					-9,6e-005	8,4	
			-9,58e-005	-1,38					-9,58e-005	8,6	
			-9,56e-005	-1,36					-9,56e-005	8,2	
			-9,54e-005	-1,36					-9,54e-005	8,2	
			-9,52e-005	-1,34					-9,52e-005	8,4	
			-9,5e-005	-1,34					-9,5e-005	8,4	
			-9,48e-005	-1,34					-9,48e-005	8,4	
			-9,46e-005	-1,36					-9,46e-005	8,2	
			-9,44e-005	-1,36					-9,44e-005	8,2	
			-9,42e-005	-1,36					-9,42e-005	8,4	
			-9,4e-005	-1,34					-9,4e-005	8,4	
			-9,38e-005	-1,32					-9,38e-005	8,4	
			-9,36e-005	-1,34					-9,36e-005	8,4	
			-9,34e-005	-1,34					-9,34e-005	8,4	
			-9,32e-005	-1,32					-9,32e-005	8,4	
			-9,3e-005	-1,32					-9,3e-005	8,4	
			-9,28e-005	-1,32					-9,28e-005	8,4	
			-9,26e-005	-1,34					-9,26e-005	8,4	
			-9,24e-005	-1,3					-9,24e-005	8,4	
			-9,22e-005	-1,32					-9,22e-005	8,2	
			-9,2e-005	-1,3					-9,2e-005	8,4	
			-9,18e-005	-1,34					-9,18e-005	8,2	
			-9,16e-005	-1,28					-9,16e-005	8,4	
			-9,14e-005	-1,3					-9,14e-005	8,4	
			-9,12e-005	-1,28					-9,12e-005	8,2	
			-9,1e-005	-1,32					-9,1e-005	8,4	
			-9,08e-005	-1,28					-9,08e-005	8,2	
			-9,06e-005	-1,3					-9,06e-005	8,4	
			-9,04e-005	-1,26					-9,04e-005	8,4	
			-9,02e-005	-1,28					-9,02e-005	8,4	
			-9e-005	-1,26					-9e-005	8,4	
			-8,98e-005	-1,24					-8,98e-005	8,4	
			-8,96e-005	-1,26					-8,96e-005	8,4	
			-8,94e-005	-1,28					-8,94e-005	8,4	
			-8,92e-005	-1,26					-8,92e-005	8,4	
			-8,9e-005	-1,24					-8,9e-005	8,4	
			-8,88e-005	-1,24					-8,88e-005	8,4	
			-8,86e-005	-1,26					-8,86e-005	8,2	
			-8,84e-005	-1,24					-8,84e-005	8,4	
			-8,82e-005	-1,26					-8,82e-005	8,4	
			-8,8e-005	-1,26					-8,8e-005	8,6	
			-8,78e-005	-1,22					-8,78e-005	8,4	
			-8,76e-005	-1,24					-8,76e-005	8,4	
			-8,74e-005	-1,22					-8,74e-005	8,4	
			-8,72e-005	-1,22					-8,72e-005	8,2	
			-8,7e-005	-1,24					-8,7e-005	8,4	
			-8,68e-005	-1,22					-8,68e-005	8,2	
			-8,66e-005	-1,2					-8,66e-005	8,6	
			-8,64e-005	-1,22					-8,64e-005	8,4	
			-8,62e-005	-1,2					-8,62e-005	8,4	
			-8,6e-005	-1,2					-8,6e-005	8,4	
			-8,58e-005	-1,16					-8,58e-005	8,4	
			-8,56e-005	-1,18					-8,56e-005	8,4	
			-8,54e-005	-1,22					-8,54e-005	8,4	
			-8,52e-005	-1,2					-8,52e-005	8,2	
			-8,5e-005	-1,16					-8,5e-005	8,4	
			-8,48e-005	-1,16					-8,48e-005	8,4	
			-8,46e-005	-1,14					-8,46e-005	8,4	
			-8,44e-005	-1,16					-8,44e-005	8,4	
			-8,42e-005	-1,14					-8,42e-005	8,4	
			-8,4e-005	-1,12					-8,4e-005	8,4	
			-8,38e-005	-1,14					-8,38e-005	8,4	
			-8,36e-005	-1,16					-8,36e-005	8,2	
			-8,34e-005	-1,1					-8,34e-005	8,4	
			-8,32e-005	-1,16					-8,32e-005	8,4	
			-8,3e-005	-1,12					-8,3e-005	8,4	
			-8,28e-005	-1,12					-8,28e-005	8,4	
			-8,26e-005	-1,12					-8,26e-005	8,4	
			-8,24e-005	-1,1					-8,24e-005	8,2	
			-8,22e-005	-1,1					-8,22e-005	8,4	
			-8,2e-005	-1,12					-8,2e-005	8,6	
			-8,18e-005	-1,08					-8,18e-005	8,2	
			-8,16e-005	-1,06					-8,16e-005	8,2	
			-8,14e-005	-1,08					-8,14e-005	8,2	
			-8,12e-005	-1,08					-8,12e-005	8,4	
			-8,1e-005	-1,08					-8,1e-005	8,4	
			-8,08e-005	-1,06					-8,08e-005	8,4	
			-8,06e-005	-1,06					-8,06e-005	8,4	
			-8,04e-005	-1,06					-8,04e-005	8,4	
			-8,02e-005	-1,06					-8,02e-005	8,6	
			-8e-005	-1,06					-8e-005	8,4	
			-7,98e-005	-1					-7,98e-005	8,2	
			-7,96e-005	-1,04					-7,96e-005	8,4	
			-7,94e-005	-1,04					-7,94e-005	8,4	
			-7,92e-005	-1,02					-7,92e-005	8,2	
			-7,9e-005	-1					-7,9e-005	8,2	
			-7,88e-005	-1,02					-7,88e-005	8,6	
			-7,86e-005	-1,02					-7,86e-005	8,2	
			-7,84e-005	-1					-7,84e-005	8,2	
			-7,82e-005	-0,98					-7,82e-005	8,4	
			-7,8e-005	-0,98					-7,8e-005	8,2	
			-7,78e-005	-0,98					-7,78e-005	8,2	
			-7,76e-005	-0,98					-7,76e-005	8,4	
			-7,74e-005	-0,96					-7,74e-005	8,2	
			-7,72e-005	-0,96					-7,72e-005	8,2	
			-7,7e-005	-0,96					-7,7e-005	8,2	
			-7,68e-005	-0,98					-7,68e-005	8,2	
			-7,66e-005	-0,96					-7,66e-005	8	
			-7,64e-005	-0,94					-7,64e-005	8	
			-7,62e-005	-0,92					-7,62e-005	8,2	
			-7,6e-005	-0,9					-7,6e-005	8	
			-7,58e-005	-0,92					-7,58e-005	8	
			-7,56e-005	-0,92					-7,56e-005	8	
			-7,54e-005	-0,92					-7,54e-005	8	
			-7,52e-005	-0,9					-7,52e-005	8	
			-7,5e-005	-0,92					-7,5e-005	7,8	
			-7,48e-005	-0,88					-7,48e-005	8	
			-7,46e-005	-0,92					-7,46e-005	7,6	
			-7,44e-005	-0,88					-7,44e-005	7,8	
			-7,42e-005	-0,84					-7,42e-005	7,8	
			-7,4e-005	-0,84					-7,4e-005	7,8	
			-7,38e-005	-0,86					-7,38e-005	7,8	
			-7,36e-005	-0,86					-7,36e-005	7,8	
			-7,34e-005	-0,82					-7,34e-005	7,6	
			-7,32e-005	-0,84					-7,32e-005	7,4	
			-7,3e-005	-0,84					-7,3e-005	7,4	
			-7,28e-005	-0,84					-7,28e-005	7,6	
			-7,26e-005	-0,84					-7,26e-005	7,4	
			-7,24e-005	-0,82					-7,24e-005	7,2	
			-7,22e-005	-0,8					-7,22e-005	7,2	
			-7,2e-005	-0,8					-7,2e-005	7,2	
			-7,18e-005	-0,78					-7,18e-005	7,2	
			-7,16e-005	-0,82					-7,16e-005	7	
			-7,14e-005	-0,8					-7,14e-005	7,2	
			-7,12e-005	-0,78					-7,12e-005	7	
			-7,1e-005	-0,76					-7,1e-005	7,2	
			-7,08e-005	-0,8					-7,08e-005	7	
			-7,06e-005	-0,76					-7,06e-005	7	
			-7,04e-005	-0,76					-7,04e-005	6,8	
			-7,02e-005	-0,76					-7,02e-005	6,8	
			-7e-005	-0,74					-7e-005	6,8	
			-6,98e-005	-0,74					-6,98e-005	6,6	
			-6,96e-005	-0,74					-6,96e-005	6,6	
			-6,94e-005	-0,72					-6,94e-005	6,6	
			-6,92e-005	-0,72					-6,92e-005	6,6	
			-6,9e-005	-0,72					-6,9e-005	6,4	
			-6,88e-005	-0,68					-6,88e-005	6,6	
			-6,86e-005	-0,7					-6,86e-005	6,2	
			-6,84e-005	-0,66					-6,84e-005	6,4	
			-6,82e-005	-0,68					-6,82e-005	6,4	
			-6,8e-005	-0,68					-6,8e-005	6,2	
			-6,78e-005	-0,66					-6,78e-005	6	
			-6,76e-005	-0,64					-6,76e-005	6,2	
			-6,74e-005	-0,64					-6,74e-005	6	
			-6,72e-005	-0,66					-6,72e-005	6	
			-6,7e-005	-0,66					-6,7e-005	6	
			-6,68e-005	-0,62					-6,68e-005	5,8	
			-6,66e-005	-0,64					-6,66e-005	5,8	
			-6,64e-005	-0,64					-6,64e-005	5,6	
			-6,62e-005	-0,62					-6,62e-005	5,8	
			-6,6e-005	-0,6					-6,6e-005	5,6	
			-6,58e-005	-0,58					-6,58e-005	5,6	
			-6,56e-005	-0,58					-6,56e-005	5,4	
			-6,54e-005	-0,56					-6,54e-005	5,4	
			-6,52e-005	-0,56					-6,52e-005	5	
			-6,5e-005	-0,58					-6,5e-005	5,2	
			-6,48e-005	-0,56					-6,48e-005	5,2	
			-6,46e-005	-0,58					-6,46e-005	5,2	
			-6,44e-005	-0,54					-6,44e-005	5	
			-6,42e-005	-0,54					-6,42e-005	5	
			-6,4e-005	-0,54					-6,4e-005	5	
			-6,38e-005	-0,54					-6,38e-005	5	
			-6,36e-005	-0,52					-6,36e-005	4,8	
			-6,34e-005	-0,52					-6,34e-005	4,8	
			-6,32e-005	-0,52					-6,32e-005	4,6	
			-6,3e-005	-0,48					-6,3e-005	4,4	
			-6,28e-005	-0,48					-6,28e-005	4,6	
			-6,26e-005	-0,46					-6,26e-005	4,2	
			-6,24e-005	-0,46					-6,24e-005	4,2	
			-6,22e-005	-0,46					-6,22e-005	4,2	
			-6,2e-005	-0,44					-6,2e-005	4,2	
			-6,18e-005	-0,42					-6,18e-005	4	
			-6,16e-005	-0,44					-6,16e-005	4	
			-6,14e-005	-0,46					-6,14e-005	4	
			-6,12e-005	-0,46					-6,12e-005	4	
			-6,1e-005	-0,42					-6,1e-005	4	
			-6,08e-005	-0,4					-6,08e-005	3,8	
			-6,06e-005	-0,42					-6,06e-005	3,8	
			-6,04e-005	-0,38					-6,04e-005	3,6	
			-6,02e-005	-0,38					-6,02e-005	3,4	
			-6e-005	-0,4					-6e-005	3,4	
			-5,98e-005	-0,38					-5,98e-005	3,4	
			-5,96e-005	-0,32					-5,96e-005	3,4	
			-5,94e-005	-0,36					-5,94e-005	3,4	
			-5,92e-005	-0,34					-5,92e-005	3,4	
			-5,9e-005	-0,32					-5,9e-005	3,4	
			-5,88e-005	-0,32					-5,88e-005	3,2	
			-5,86e-005	-0,34					-5,86e-005	3,2	
			-5,84e-005	-0,32					-5,84e-005	3	
			-5,82e-005	-0,3					-5,82e-005	3	
			-5,8e-005	-0,3					-5,8e-005	3	
			-5,78e-005	-0,32					-5,78e-005	3	
			-5,76e-005	-0,28					-5,76e-005	2,8	
			-5,74e-005	-0,26					-5,74e-005	2,8	
			-5,72e-005	-0,26					-5,72e-005	2,4	
			-5,7e-005	-0,26					-5,7e-005	2,6	
			-5,68e-005	-0,26					-5,68e-005	2,6	
			-5,66e-005	-0,26					-5,66e-005	2,4	
			-5,64e-005	-0,22					-5,64e-005	2,4	
			-5,62e-005	-0,22					-5,62e-005	2,4	
			-5,6e-005	-0,24					-5,6e-005	2,2	
			-5,58e-005	-0,2					-5,58e-005	2,2	
			-5,56e-005	-0,22					-5,56e-005	2,2	
			-5,54e-005	-0,22					-5,54e-005	2	
			-5,52e-005	-0,22					-5,52e-005	2,2	
			-5,5e-005	-0,2					-5,5e-005	1,6	
			-5,48e-005	-0,22					-5,48e-005	1,6	
			-5,46e-005	-0,2					-5,46e-005	1,8	
			-5,44e-005	-0,18					-5,44e-005	1,8	
			-5,42e-005	-0,14					-5,42e-005	1,8	
			-5,4e-005	-0,16					-5,4e-005	1,4	
			-5,38e-005	-0,14					-5,38e-005	1,4	
			-5,36e-005	-0,12					-5,36e-005	1,4	
			-5,34e-005	-0,14					-5,34e-005	1,2	
			-5,32e-005	-0,12					-5,32e-005	1,2	
			-5,3e-005	-0,08					-5,3e-005	1,2	
			-5,28e-005	-0,1					-5,28e-005	1	
			-5,26e-005	-0,12					-5,26e-005	0,8	
			-5,24e-005	-0,08					-5,24e-005	0,8	
			-5,22e-005	-0,1					-5,22e-005	0,8	
			-5,2e-005	-0,06					-5,2e-005	1	
			-5,18e-005	-0,08					-5,18e-005	0,6	
			-5,16e-005	-0,08					-5,16e-005	0,6	
			-5,14e-005	-0,08					-5,14e-005	0,4	
			-5,12e-005	-0,06					-5,12e-005	0,4	
			-5,1e-005	-0,06					-5,1e-005	0,4	
			-5,08e-005	-0,02					-5,08e-005	0,2	
			-5,06e-005	-0,04					-5,06e-005	0,4	
			-5,04e-005	-0,02					-5,04e-005	0,2	
			-5,02e-005	0					-5,02e-005	0,2	
			-5e-005	0					-5e-005	0	
			-4,98e-005	0					-4,98e-005	0	
			-4,96e-005	0,02					-4,96e-005	-0,2	
			-4,94e-005	0,02					-4,94e-005	-0,2	
			-4,92e-005	0,02					-4,92e-005	-0,4	
			-4,9e-005	0,02					-4,9e-005	-0,2	
			-4,88e-005	0,04					-4,88e-005	-0,2	
			-4,86e-005	0,04					-4,86e-005	-0,4	
			-4,84e-005	0,04					-4,84e-005	-0,6	
			-4,82e-005	0,06					-4,82e-005	-0,6	
			-4,8e-005	0,12					-4,8e-005	-0,8	
			-4,78e-005	0,08					-4,78e-005	-0,6	
			-4,76e-005	0,08					-4,76e-005	-0,8	
			-4,74e-005	0,08					-4,74e-005	-1,2	
			-4,72e-005	0,1					-4,72e-005	-0,8	
			-4,7e-005	0,12					-4,7e-005	-1	
			-4,68e-005	0,1					-4,68e-005	-1,2	
			-4,66e-005	0,12					-4,66e-005	-1,2	
			-4,64e-005	0,14					-4,64e-005	-1,4	
			-4,62e-005	0,14					-4,62e-005	-1,4	
			-4,6e-005	0,14					-4,6e-005	-1,4	
			-4,58e-005	0,16					-4,58e-005	-1,6	
			-4,56e-005	0,18					-4,56e-005	-1,4	
			-4,54e-005	0,16					-4,54e-005	-1,6	
			-4,52e-005	0,18					-4,52e-005	-1,8	
			-4,5e-005	0,18					-4,5e-005	-1,8	
			-4,48e-005	0,18					-4,48e-005	-1,8	
			-4,46e-005	0,22					-4,46e-005	-1,8	
			-4,44e-005	0,2					-4,44e-005	-2	
			-4,42e-005	0,2					-4,42e-005	-2	
			-4,4e-005	0,22					-4,4e-005	-2,2	
			-4,38e-005	0,2					-4,38e-005	-2,2	
			-4,36e-005	0,22					-4,36e-005	-2,2	
			-4,34e-005	0,22					-4,34e-005	-2,2	
			-4,32e-005	0,26					-4,32e-005	-2,2	
			-4,3e-005	0,24					-4,3e-005	-2,4	
			-4,28e-005	0,26					-4,28e-005	-2,6	
			-4,26e-005	0,24					-4,26e-005	-2,6	
			-4,24e-005	0,28					-4,24e-005	-2,8	
			-4,22e-005	0,28					-4,22e-005	-2,6	
			-4,2e-005	0,3					-4,2e-005	-2,8	
			-4,18e-005	0,3					-4,18e-005	-3	
			-4,16e-005	0,3					-4,16e-005	-2,8	
			-4,14e-005	0,32					-4,14e-005	-3	
			-4,12e-005	0,3					-4,12e-005	-3,2	
			-4,1e-005	0,3					-4,1e-005	-3,2	
			-4,08e-005	0,36					-4,08e-005	-3,2	
			-4,06e-005	0,34					-4,06e-005	-3,2	
			-4,04e-005	0,34					-4,04e-005	-3,4	
			-4,02e-005	0,34					-4,02e-005	-3,4	
			-4e-005	0,38					-4e-005	-3,6	
			-3,98e-005	0,38					-3,98e-005	-3,6	
			-3,96e-005	0,36					-3,96e-005	-3,6	
			-3,94e-005	0,38					-3,94e-005	-3,8	
			-3,92e-005	0,4					-3,92e-005	-3,6	
			-3,9e-005	0,4					-3,9e-005	-3,8	
			-3,88e-005	0,4					-3,88e-005	-3,8	
			-3,86e-005	0,4					-3,86e-005	-4	
			-3,84e-005	0,42					-3,84e-005	-3,8	
			-3,82e-005	0,42					-3,82e-005	-4	
			-3,8e-005	0,46					-3,8e-005	-4,2	
			-3,78e-005	0,44					-3,78e-005	-4,4	
			-3,76e-005	0,42					-3,76e-005	-4,2	
			-3,74e-005	0,46					-3,74e-005	-4,4	
			-3,72e-005	0,44					-3,72e-005	-4,4	
			-3,7e-005	0,44					-3,7e-005	-4,4	
			-3,68e-005	0,46					-3,68e-005	-4,6	
			-3,66e-005	0,46					-3,66e-005	-4,6	
			-3,64e-005	0,48					-3,64e-005	-4,6	
			-3,62e-005	0,48					-3,62e-005	-4,8	
			-3,6e-005	0,5					-3,6e-005	-4,6	
			-3,58e-005	0,52					-3,58e-005	-4,8	
			-3,56e-005	0,54					-3,56e-005	-5	
			-3,54e-005	0,5					-3,54e-005	-4,8	
			-3,52e-005	0,5					-3,52e-005	-5	
			-3,5e-005	0,54					-3,5e-005	-5,2	
			-3,48e-005	0,54					-3,48e-005	-5,2	
			-3,46e-005	0,54					-3,46e-005	-5,4	
			-3,44e-005	0,52					-3,44e-005	-5,4	
			-3,42e-005	0,54					-3,42e-005	-5,2	
			-3,4e-005	0,56					-3,4e-005	-5,6	
			-3,38e-005	0,56					-3,38e-005	-5,6	
			-3,36e-005	0,54					-3,36e-005	-5,6	
			-3,34e-005	0,58					-3,34e-005	-5,6	
			-3,32e-005	0,56					-3,32e-005	-5,8	
			-3,3e-005	0,56					-3,3e-005	-5,6	
			-3,28e-005	0,56					-3,28e-005	-5,8	
			-3,26e-005	0,6					-3,26e-005	-5,8	
			-3,24e-005	0,62					-3,24e-005	-5,8	
			-3,22e-005	0,62					-3,22e-005	-5,8	
			-3,2e-005	0,64					-3,2e-005	-6	
			-3,18e-005	0,62					-3,18e-005	-6	
			-3,16e-005	0,64					-3,16e-005	-6,2	
			-3,14e-005	0,64					-3,14e-005	-6,4	
			-3,12e-005	0,68					-3,12e-005	-6,4	
			-3,1e-005	0,66					-3,1e-005	-6,4	
			-3,08e-005	0,64					-3,08e-005	-6,4	
			-3,06e-005	0,66					-3,06e-005	-6,6	
			-3,04e-005	0,64					-3,04e-005	-6,4	
			-3,02e-005	0,68					-3,02e-005	-6,6	
			-3e-005	0,68					-3e-005	-6,8	
			-2,98e-005	0,66					-2,98e-005	-6,8	
			-2,96e-005	0,68					-2,96e-005	-6,8	
			-2,94e-005	0,7					-2,94e-005	-7	
			-2,92e-005	0,7					-2,92e-005	-6,8	
			-2,9e-005	0,7					-2,9e-005	-7	
			-2,88e-005	0,7					-2,88e-005	-7	
			-2,86e-005	0,74					-2,86e-005	-7,2	
			-2,84e-005	0,74					-2,84e-005	-7,2	
			-2,82e-005	0,74					-2,82e-005	-7,2	
			-2,8e-005	0,72					-2,8e-005	-7,2	
			-2,78e-005	0,72					-2,78e-005	-7,2	
			-2,76e-005	0,74					-2,76e-005	-7,4	
			-2,74e-005	0,74					-2,74e-005	-7,4	
			-2,72e-005	0,76					-2,72e-005	-7,2	
			-2,7e-005	0,74					-2,7e-005	-7,6	
			-2,68e-005	0,78					-2,68e-005	-7,6	
			-2,66e-005	0,76					-2,66e-005	-7,6	
			-2,64e-005	0,76					-2,64e-005	-7,6	
			-2,62e-005	0,78					-2,62e-005	-7,8	
			-2,6e-005	0,78					-2,6e-005	-7,6	
			-2,58e-005	0,82					-2,58e-005	-7,8	
			-2,56e-005	0,8					-2,56e-005	-7,8	
			-2,54e-005	0,8					-2,54e-005	-8	
			-2,52e-005	0,82					-2,52e-005	-8,2	
			-2,5e-005	0,82					-2,5e-005	-8	
			-2,48e-005	0,82					-2,48e-005	-8	
			-2,46e-005	0,82					-2,46e-005	-8,2	
			-2,44e-005	0,84					-2,44e-005	-8,2	
			-2,42e-005	0,84					-2,42e-005	-8,2	
			-2,4e-005	0,82					-2,4e-005	-8,2	
			-2,38e-005	0,86					-2,38e-005	-8,4	
			-2,36e-005	0,86					-2,36e-005	-8,4	
			-2,34e-005	0,86					-2,34e-005	-8,4	
			-2,32e-005	0,88					-2,32e-005	-8,4	
			-2,3e-005	0,84					-2,3e-005	-8,4	
			-2,28e-005	0,86					-2,28e-005	-8,4	
			-2,26e-005	0,88					-2,26e-005	-8,8	
			-2,24e-005	0,88					-2,24e-005	-8,8	
			-2,22e-005	0,88					-2,22e-005	-8,6	
			-2,2e-005	0,88					-2,2e-005	-8,6	
			-2,18e-005	0,9					-2,18e-005	-8,8	
			-2,16e-005	0,88					-2,16e-005	-8,8	
			-2,14e-005	0,86					-2,14e-005	-8,8	
			-2,12e-005	0,9					-2,12e-005	-9	
			-2,1e-005	0,9					-2,1e-005	-9	
			-2,08e-005	0,9					-2,08e-005	-9	
			-2,06e-005	0,92					-2,06e-005	-9	
			-2,04e-005	0,92					-2,04e-005	-9,2	
			-2,02e-005	0,94					-2,02e-005	-9,4	
			-2e-005	0,94					-2e-005	-9	
			-1,98e-005	0,94					-1,98e-005	-9,2	
			-1,96e-005	0,96					-1,96e-005	-9,4	
			-1,94e-005	0,96					-1,94e-005	-9,4	
			-1,92e-005	0,94					-1,92e-005	-9,2	
			-1,9e-005	0,94					-1,9e-005	-9,2	
			-1,88e-005	0,98					-1,88e-005	-9,4	
			-1,86e-005	0,98					-1,86e-005	-9,4	
			-1,84e-005	0,96					-1,84e-005	-9,6	
			-1,82e-005	0,96					-1,82e-005	-9,6	
			-1,8e-005	0,94					-1,8e-005	-9,4	
			-1,78e-005	0,98					-1,78e-005	-9,6	
			-1,76e-005	0,98					-1,76e-005	-9,6	
			-1,74e-005	0,98					-1,74e-005	-9,6	
			-1,72e-005	1					-1,72e-005	-9,6	
			-1,7e-005	1					-1,7e-005	-9,6	
			-1,68e-005	0,98					-1,68e-005	-9,6	
			-1,66e-005	1					-1,66e-005	-9,6	
			-1,64e-005	0,98					-1,64e-005	-9,6	
			-1,62e-005	1,02					-1,62e-005	-9,6	
			-1,6e-005	1,02					-1,6e-005	-9,6	
			-1,58e-005	1,02					-1,58e-005	-9,8	
			-1,56e-005	1,02					-1,56e-005	-9,6	
			-1,54e-005	1,02					-1,54e-005	-9,6	
			-1,52e-005	1					-1,52e-005	-9,8	
			-1,5e-005	1,04					-1,5e-005	-9,8	
			-1,48e-005	1,02					-1,48e-005	-9,6	
			-1,46e-005	1,04					-1,46e-005	-9,6	
			-1,44e-005	1,04					-1,44e-005	-9,8	
			-1,42e-005	1,02					-1,42e-005	-9,8	
			-1,4e-005	1,04					-1,4e-005	-9,4	
			-1,38e-005	1,08					-1,38e-005	-9,8	
			-1,36e-005	1,06					-1,36e-005	-9,8	
			-1,34e-005	1,04					-1,34e-005	-9,6	
			-1,32e-005	1,02					-1,32e-005	-9,6	
			-1,3e-005	1,04					-1,3e-005	-9,6	
			-1,28e-005	1,06					-1,28e-005	-9,4	
			-1,26e-005	1,06					-1,26e-005	-9,6	
			-1,24e-005	1,08					-1,24e-005	-9,4	
			-1,22e-005	1,08					-1,22e-005	-9,6	
			-1,2e-005	1,08					-1,2e-005	-9,8	
			-1,18e-005	1,08					-1,18e-005	-9,6	
			-1,16e-005	1,08					-1,16e-005	-9,6	
			-1,14e-005	1,08					-1,14e-005	-9,6	
			-1,12e-005	1,08					-1,12e-005	-9,6	
			-1,1e-005	1,1					-1,1e-005	-9,8	
			-1,08e-005	1,1					-1,08e-005	-9,6	
			-1,06e-005	1,1					-1,06e-005	-9,6	
			-1,04e-005	1,08					-1,04e-005	-9,6	
			-1,02e-005	1,1					-1,02e-005	-9,6	
			-9,99998e-006	1,08					-9,99998e-006	-9,6	
			-9,79998e-006	1,1					-9,79998e-006	-9,6	
			-9,59998e-006	1,1					-9,59998e-006	-9,8	
			-9,39998e-006	1,1					-9,39998e-006	-9,6	
			-9,19998e-006	1,12					-9,19998e-006	-9,8	
			-8,99998e-006	1,1					-8,99998e-006	-9,4	
			-8,79998e-006	1,12					-8,79998e-006	-9,6	
			-8,59998e-006	1,12					-8,59998e-006	-9,8	
			-8,39998e-006	1,14					-8,39998e-006	-9,6	
			-8,19998e-006	1,12					-8,19998e-006	-9,4	
			-7,99998e-006	1,12					-7,99998e-006	-9,6	
			-7,79998e-006	1,12					-7,79998e-006	-9,6	
			-7,59998e-006	1,12					-7,59998e-006	-9,6	
			-7,39998e-006	1,12					-7,39998e-006	-9,6	
			-7,19998e-006	1,1					-7,19998e-006	-9,6	
			-6,99998e-006	1,16					-6,99998e-006	-9,8	
			-6,79998e-006	1,16					-6,79998e-006	-9,6	
			-6,59998e-006	1,14					-6,59998e-006	-9,6	
			-6,39998e-006	1,12					-6,39998e-006	-9,6	
			-6,19998e-006	1,14					-6,19998e-006	-9,6	
			-5,99998e-006	1,14					-5,99998e-006	-9,6	
			-5,79998e-006	1,12					-5,79998e-006	-9,6	
			-5,59998e-006	1,14					-5,59998e-006	-9,6	
			-5,39998e-006	1,14					-5,39998e-006	-9,8	
			-5,19998e-006	1,16					-5,19998e-006	-9,6	
			-4,99998e-006	1,16					-4,99998e-006	-9,6	
			-4,79998e-006	1,14					-4,79998e-006	-9,6	
			-4,59998e-006	1,14					-4,59998e-006	-9,6	
			-4,39998e-006	1,14					-4,39998e-006	-9,8	
			-4,19998e-006	1,14					-4,19998e-006	-9,6	
			-3,99998e-006	1,14					-3,99998e-006	-9,6	
			-3,79998e-006	1,18					-3,79998e-006	-9,6	
			-3,59998e-006	1,2					-3,59998e-006	-9,6	
			-3,39998e-006	1,16					-3,39998e-006	-9,8	
			-3,19998e-006	1,16					-3,19998e-006	-9,6	
			-2,99998e-006	1,14					-2,99998e-006	-9,6	
			-2,79998e-006	1,16					-2,79998e-006	-9,4	
			-2,59998e-006	1,18					-2,59998e-006	-9,8	
			-2,39998e-006	1,14					-2,39998e-006	-9,6	
			-2,19998e-006	1,18					-2,19998e-006	-9,6	
			-1,99998e-006	1,16					-1,99998e-006	-9,6	
			-1,79998e-006	1,14					-1,79998e-006	-9,4	
			-1,59998e-006	1,14					-1,59998e-006	-9,8	
			-1,39998e-006	1,18					-1,39998e-006	-9,8	
			-1,19998e-006	1,18					-1,19998e-006	-9,6	
			-9,9998e-007	1,2					-9,9998e-007	-9,6	
			-7,9998e-007	1,16					-7,9998e-007	-9,8	
			-5,9998e-007	1,18					-5,9998e-007	-9,6	
			-3,9998e-007	1,16					-3,9998e-007	-9,6	
			-1,9998e-007	1,2					-1,9998e-007	-9,4	
			2,0151e-011	1,16					2,0151e-011	-9,8	
			2,0002e-007	1,18					2,0002e-007	-9,8	
			4,0002e-007	1,2					4,0002e-007	-9,6	
			6,0002e-007	1,2					6,0002e-007	-9,6	
			8,0002e-007	1,18					8,0002e-007	-9,6	
			1,00002e-006	1,16					1,00002e-006	-9,6	
			1,20002e-006	1,18					1,20002e-006	-9,8	
			1,40002e-006	1,18					1,40002e-006	-9,8	
			1,60002e-006	1,18					1,60002e-006	-9,6	
			1,80002e-006	1,14					1,80002e-006	-9,4	
			2,00002e-006	1,16					2,00002e-006	-9,6	
			2,20002e-006	1,16					2,20002e-006	-9,4	
			2,40002e-006	1,18					2,40002e-006	-9,6	
			2,60002e-006	1,14					2,60002e-006	-9,6	
			2,80002e-006	1,18					2,80002e-006	-9,6	
			3,00002e-006	1,18					3,00002e-006	-9,6	
			3,20002e-006	1,16					3,20002e-006	-9,8	
			3,40002e-006	1,14					3,40002e-006	-9,6	
			3,60002e-006	1,18					3,60002e-006	-9,8	
			3,80002e-006	1,18					3,80002e-006	-9,8	
			4,00002e-006	1,16					4,00002e-006	-9,6	
			4,20002e-006	1,14					4,20002e-006	-9,4	
			4,40002e-006	1,16					4,40002e-006	-9,6	
			4,60002e-006	1,18					4,60002e-006	-9,8	
			4,80002e-006	1,16					4,80002e-006	-9,4	
			5,00002e-006	1,14					5,00002e-006	-9,6	
			5,20002e-006	1,12					5,20002e-006	-9,6	
			5,40002e-006	1,16					5,40002e-006	-9,6	
			5,60002e-006	1,16					5,60002e-006	-9,6	
			5,80002e-006	1,16					5,80002e-006	-9,6	
			6,00002e-006	1,14					6,00002e-006	-9,8	
			6,20002e-006	1,16					6,20002e-006	-9,6	
			6,40002e-006	1,18					6,40002e-006	-9,8	
			6,60002e-006	1,12					6,60002e-006	-9,6	
			6,80002e-006	1,14					6,80002e-006	-9,6	
			7,00002e-006	1,16					7,00002e-006	-10	
			7,20002e-006	1,16					7,20002e-006	-9,8	
			7,40002e-006	1,16					7,40002e-006	-9,6	
			7,60002e-006	1,16					7,60002e-006	-9,6	
			7,80002e-006	1,14					7,80002e-006	-9,6	
			8,00002e-006	1,14					8,00002e-006	-9,6	
			8,20002e-006	1,12					8,20002e-006	-9,8	
			8,40002e-006	1,16					8,40002e-006	-9,6	
			8,60002e-006	1,12					8,60002e-006	-9,8	
			8,80002e-006	1,1					8,80002e-006	-9,8	
			9,00002e-006	1,14					9,00002e-006	-9,8	
			9,20002e-006	1,14					9,20002e-006	-9,8	
			9,40002e-006	1,12					9,40002e-006	-9,8	
			9,60002e-006	1,14					9,60002e-006	-9,4	
			9,80002e-006	1,14					9,80002e-006	-9,8	
			1e-005	1,14					1e-005	-9,6	
			1,02e-005	1,14					1,02e-005	-9,8	
			1,04e-005	1,14					1,04e-005	-9,4	
			1,06e-005	1,12					1,06e-005	-9,6	
			1,08e-005	1,12					1,08e-005	-9,6	
			1,1e-005	1,14					1,1e-005	-9,8	
			1,12e-005	1,14					1,12e-005	-9,6	
			1,14e-005	1,16					1,14e-005	-9,8	
			1,16e-005	1,08					1,16e-005	-9,4	
			1,18e-005	1,08					1,18e-005	-9,6	
			1,2e-005	1,1					1,2e-005	-9,8	
			1,22e-005	1,12					1,22e-005	-9,8	
			1,24e-005	1,1					1,24e-005	-9,8	
			1,26e-005	1,08					1,26e-005	-9,6	
			1,28e-005	1,1					1,28e-005	-9,8	
			1,3e-005	1,14					1,3e-005	-10	
			1,32e-005	1,08					1,32e-005	-9,8	
			1,34e-005	1,08					1,34e-005	-9,6	
			1,36e-005	1,08					1,36e-005	-9,6	
			1,38e-005	1,1					1,38e-005	-9,6	
			1,4e-005	1,08					1,4e-005	-9,6	
			1,42e-005	1,08					1,42e-005	-10	
			1,44e-005	1,08					1,44e-005	-9,8	
			1,46e-005	1,08					1,46e-005	-9,6	
			1,48e-005	1,08					1,48e-005	-9,8	
			1,5e-005	1,06					1,5e-005	-9,8	
			1,52e-005	1,06					1,52e-005	-9,8	
			1,54e-005	1,06					1,54e-005	-10	
			1,56e-005	1,04					1,56e-005	-9,8	
			1,58e-005	1,02					1,58e-005	-9,6	
			1,6e-005	1,06					1,6e-005	-9,8	
			1,62e-005	1,02					1,62e-005	-9,6	
			1,64e-005	1,02					1,64e-005	-9,6	
			1,66e-005	1					1,66e-005	-9,8	
			1,68e-005	1,04					1,68e-005	-9,8	
			1,7e-005	1,04					1,7e-005	-9,6	
			1,72e-005	1,02					1,72e-005	-9,8	
			1,74e-005	1,02					1,74e-005	-9,6	
			1,76e-005	1,02					1,76e-005	-9,8	
			1,78e-005	1,04					1,78e-005	-10	
			1,8e-005	1					1,8e-005	-9,4	
			1,82e-005	0,98					1,82e-005	-9,8	
			1,84e-005	1					1,84e-005	-9,6	
			1,86e-005	1					1,86e-005	-9,8	
			1,88e-005	1					1,88e-005	-9,8	
			1,9e-005	0,98					1,9e-005	-9,8	
			1,92e-005	0,98					1,92e-005	-9,8	
			1,94e-005	0,98					1,94e-005	-9,8	
			1,96e-005	1					1,96e-005	-9,8	
			1,98e-005	0,96					1,98e-005	-9,4	
			2e-005	0,96					2e-005	-9,8	
			2,02e-005	0,98					2,02e-005	-9,8	
			2,04e-005	0,98					2,04e-005	-9,6	
			2,06e-005	0,94					2,06e-005	-9,8	
			2,08e-005	0,96					2,08e-005	-9,8	
			2,1e-005	0,94					2,1e-005	-9,8	
			2,12e-005	0,94					2,12e-005	-9,8	
			2,14e-005	0,94					2,14e-005	-9,8	
			2,16e-005	0,92					2,16e-005	-9,8	
			2,18e-005	0,94					2,18e-005	-9,8	
			2,2e-005	0,94					2,2e-005	-9,6	
			2,22e-005	0,92					2,22e-005	-10	
			2,24e-005	0,92					2,24e-005	-9,4	
			2,26e-005	0,88					2,26e-005	-9,8	
			2,28e-005	0,9					2,28e-005	-9,6	
			2,3e-005	0,92					2,3e-005	-9,6	
			2,32e-005	0,92					2,32e-005	-9,4	
			2,34e-005	0,88					2,34e-005	-9,4	
			2,36e-005	0,9					2,36e-005	-9,4	
			2,38e-005	0,86					2,38e-005	-9,2	
			2,4e-005	0,88					2,4e-005	-9,4	
			2,42e-005	0,86					2,42e-005	-9,2	
			2,44e-005	0,84					2,44e-005	-9,2	
			2,46e-005	0,88					2,46e-005	-9	
			2,48e-005	0,84					2,48e-005	-9	
			2,5e-005	0,86					2,5e-005	-8,8	
			2,52e-005	0,84					2,52e-005	-8,8	
			2,54e-005	0,84					2,54e-005	-9	
			2,56e-005	0,84					2,56e-005	-9	
			2,58e-005	0,82					2,58e-005	-8,8	
			2,6e-005	0,8					2,6e-005	-8,6	
			2,62e-005	0,82					2,62e-005	-8,6	
			2,64e-005	0,8					2,64e-005	-8,8	
			2,66e-005	0,82					2,66e-005	-8,4	
			2,68e-005	0,82					2,68e-005	-8,6	
			2,7e-005	0,82					2,7e-005	-8,6	
			2,72e-005	0,82					2,72e-005	-8,2	
			2,74e-005	0,8					2,74e-005	-8,6	
			2,76e-005	0,78					2,76e-005	-8,6	
			2,78e-005	0,76					2,78e-005	-8,4	
			2,8e-005	0,76					2,8e-005	-8,2	
			2,82e-005	0,78					2,82e-005	-8,2	
			2,84e-005	0,76					2,84e-005	-8	
			2,86e-005	0,74					2,86e-005	-8,2	
			2,88e-005	0,74					2,88e-005	-8	
			2,9e-005	0,76					2,9e-005	-8	
			2,92e-005	0,74					2,92e-005	-8	
			2,94e-005	0,74					2,94e-005	-7,8	
			2,96e-005	0,74					2,96e-005	-7,8	
			2,98e-005	0,7					2,98e-005	-7,6	
			3e-005	0,72					3e-005	-7,6	
			3,02e-005	0,72					3,02e-005	-7,6	
			3,04e-005	0,7					3,04e-005	-7,6	
			3,06e-005	0,68					3,06e-005	-7,6	
			3,08e-005	0,68					3,08e-005	-7,2	
			3,1e-005	0,68					3,1e-005	-7,4	
			3,12e-005	0,68					3,12e-005	-7,2	
			3,14e-005	0,66					3,14e-005	-7,2	
			3,16e-005	0,66					3,16e-005	-7,4	
			3,18e-005	0,66					3,18e-005	-7,2	
			3,2e-005	0,66					3,2e-005	-7	
			3,22e-005	0,64					3,22e-005	-7,2	
			3,24e-005	0,66					3,24e-005	-7,2	
			3,26e-005	0,62					3,26e-005	-7	
			3,28e-005	0,64					3,28e-005	-7	
			3,3e-005	0,6					3,3e-005	-7	
			3,32e-005	0,62					3,32e-005	-6,8	
			3,34e-005	0,62					3,34e-005	-6,8	
			3,36e-005	0,6					3,36e-005	-6,6	
			3,38e-005	0,58					3,38e-005	-6,6	
			3,4e-005	0,58					3,4e-005	-6,6	
			3,42e-005	0,6					3,42e-005	-6,6	
			3,44e-005	0,6					3,44e-005	-6,2	
			3,46e-005	0,56					3,46e-005	-6,4	
			3,48e-005	0,56					3,48e-005	-6,2	
			3,5e-005	0,56					3,5e-005	-6,4	
			3,52e-005	0,56					3,52e-005	-6,2	
			3,54e-005	0,56					3,54e-005	-6	
			3,56e-005	0,52					3,56e-005	-6	
			3,58e-005	0,56					3,58e-005	-6	
			3,6e-005	0,52					3,6e-005	-5,8	
			3,62e-005	0,52					3,62e-005	-6	
			3,64e-005	0,5					3,64e-005	-5,8	
			3,66e-005	0,48					3,66e-005	-5,8	
			3,68e-005	0,5					3,68e-005	-5,6	
			3,7e-005	0,48					3,7e-005	-5,8	
			3,72e-005	0,52					3,72e-005	-5,6	
			3,74e-005	0,48					3,74e-005	-5,4	
			3,76e-005	0,5					3,76e-005	-5,4	
			3,78e-005	0,46					3,78e-005	-5,4	
			3,8e-005	0,44					3,8e-005	-5,2	
			3,82e-005	0,44					3,82e-005	-5,2	
			3,84e-005	0,46					3,84e-005	-5	
			3,86e-005	0,46					3,86e-005	-5,2	
			3,88e-005	0,42					3,88e-005	-4,8	
			3,9e-005	0,4					3,9e-005	-5	
			3,92e-005	0,4					3,92e-005	-4,8	
			3,94e-005	0,42					3,94e-005	-4,8	
			3,96e-005	0,4					3,96e-005	-4,6	
			3,98e-005	0,4					3,98e-005	-4,6	
			4e-005	0,4					4e-005	-4,6	
			4,02e-005	0,4					4,02e-005	-4,6	
			4,04e-005	0,4					4,04e-005	-4,4	
			4,06e-005	0,36					4,06e-005	-4,4	
			4,08e-005	0,38					4,08e-005	-4,4	
			4,1e-005	0,36					4,1e-005	-4,2	
			4,12e-005	0,36					4,12e-005	-4,2	
			4,14e-005	0,32					4,14e-005	-4	
			4,16e-005	0,34					4,16e-005	-3,8	
			4,18e-005	0,34					4,18e-005	-4	
			4,2e-005	0,32					4,2e-005	-3,6	
			4,22e-005	0,3					4,22e-005	-3,6	
			4,24e-005	0,28					4,24e-005	-3,8	
			4,26e-005	0,3					4,26e-005	-3,6	
			4,28e-005	0,3					4,28e-005	-3,6	
			4,3e-005	0,24					4,3e-005	-3,6	
			4,32e-005	0,26					4,32e-005	-3,4	
			4,34e-005	0,26					4,34e-005	-3,6	
			4,36e-005	0,26					4,36e-005	-3,4	
			4,38e-005	0,24					4,38e-005	-3,4	
			4,4e-005	0,26					4,4e-005	-3,2	
			4,42e-005	0,24					4,42e-005	-3	
			4,44e-005	0,24					4,44e-005	-2,8	
			4,46e-005	0,24					4,46e-005	-3	
			4,48e-005	0,22					4,48e-005	-3	
			4,5e-005	0,2					4,5e-005	-2,6	
			4,52e-005	0,2					4,52e-005	-2,8	
			4,54e-005	0,2					4,54e-005	-2,8	
			4,56e-005	0,2					4,56e-005	-2,8	
			4,58e-005	0,18					4,58e-005	-2,6	
			4,6e-005	0,16					4,6e-005	-2,6	
			4,62e-005	0,12					4,62e-005	-2,2	
			4,64e-005	0,14					4,64e-005	-2	
			4,66e-005	0,14					4,66e-005	-2,2	
			4,68e-005	0,12					4,68e-005	-2,4	
			4,7e-005	0,14					4,7e-005	-2,2	
			4,72e-005	0,14					4,72e-005	-2,2	
			4,74e-005	0,14					4,74e-005	-2,2	
			4,76e-005	0,14					4,76e-005	-2	
			4,78e-005	0,1					4,78e-005	-1,8	
			4,8e-005	0,08					4,8e-005	-1,8	
			4,82e-005	0,08					4,82e-005	-1,8	
			4,84e-005	0,1					4,84e-005	-1,6	
			4,86e-005	0,08					4,86e-005	-1,4	
			4,88e-005	0,06					4,88e-005	-1,4	
			4,9e-005	0,02					4,9e-005	-1,2	
			4,92e-005	0,06					4,92e-005	-1,2	
			4,94e-005	0,06					4,94e-005	-1,2	
			4,96e-005	0,02					4,96e-005	-1,2	
			4,98e-005	0,02					4,98e-005	-1	
			5e-005	0,02					5e-005	-1,2	
			5,02e-005	0					5,02e-005	-1	
			5,04e-005	0					5,04e-005	-1	
			5,06e-005	-0,02					5,06e-005	-0,8	
			5,08e-005	0					5,08e-005	-0,6	
			5,1e-005	-0,02					5,1e-005	-0,6	
			5,12e-005	-0,04					5,12e-005	-0,6	
			5,14e-005	-0,04					5,14e-005	-0,4	
			5,16e-005	-0,04					5,16e-005	-0,6	
			5,18e-005	-0,08					5,18e-005	-0,4	
			5,2e-005	-0,08					5,2e-005	-0,2	
			5,22e-005	-0,06					5,22e-005	-0,2	
			5,24e-005	-0,04					5,24e-005	-0,2	
			5,26e-005	-0,08					5,26e-005	-0,2	
			5,28e-005	-0,08					5,28e-005	0	
			5,3e-005	-0,08					5,3e-005	0	
			5,32e-005	-0,1					5,32e-005	0,2	
			5,34e-005	-0,1					5,34e-005	0,2	
			5,36e-005	-0,1					5,36e-005	0,2	
			5,38e-005	-0,1					5,38e-005	0,4	
			5,4e-005	-0,14					5,4e-005	0,4	
			5,42e-005	-0,16					5,42e-005	0,6	
			5,44e-005	-0,12					5,44e-005	0,6	
			5,46e-005	-0,16					5,46e-005	0,4	
			5,48e-005	-0,18					5,48e-005	0,6	
			5,5e-005	-0,2					5,5e-005	0,8	
			5,52e-005	-0,2					5,52e-005	1	
			5,54e-005	-0,2					5,54e-005	1	
			5,56e-005	-0,24					5,56e-005	1	
			5,58e-005	-0,2					5,58e-005	1	
			5,6e-005	-0,24					5,6e-005	1,2	
			5,62e-005	-0,22					5,62e-005	1,2	
			5,64e-005	-0,26					5,64e-005	1,4	
			5,66e-005	-0,24					5,66e-005	1,4	
			5,68e-005	-0,24					5,68e-005	1,4	
			5,7e-005	-0,26					5,7e-005	1,4	
			5,72e-005	-0,26					5,72e-005	1,6	
			5,74e-005	-0,3					5,74e-005	1,6	
			5,76e-005	-0,3					5,76e-005	1,8	
			5,78e-005	-0,28					5,78e-005	1,8	
			5,8e-005	-0,32					5,8e-005	2	
			5,82e-005	-0,3					5,82e-005	2	
			5,84e-005	-0,3					5,84e-005	2	
			5,86e-005	-0,34					5,86e-005	2,4	
			5,88e-005	-0,34					5,88e-005	2,2	
			5,9e-005	-0,34					5,9e-005	2,2	
			5,92e-005	-0,34					5,92e-005	2,6	
			5,94e-005	-0,38					5,94e-005	2,4	
			5,96e-005	-0,36					5,96e-005	2,4	
			5,98e-005	-0,34					5,98e-005	2,4	
			6e-005	-0,4					6e-005	2,8	
			6,02e-005	-0,38					6,02e-005	2,6	
			6,04e-005	-0,38					6,04e-005	2,8	
			6,06e-005	-0,4					6,06e-005	3	
			6,08e-005	-0,4					6,08e-005	3	
			6,1e-005	-0,42					6,1e-005	3	
			6,12e-005	-0,42					6,12e-005	3	
			6,14e-005	-0,42					6,14e-005	3,2	
			6,16e-005	-0,44					6,16e-005	3,2	
			6,18e-005	-0,44					6,18e-005	3,4	
			6,2e-005	-0,46					6,2e-005	3,4	
			6,22e-005	-0,44					6,22e-005	3,4	
			6,24e-005	-0,48					6,24e-005	3,4	
			6,26e-005	-0,48					6,26e-005	3,6	
			6,28e-005	-0,48					6,28e-005	3,6	
			6,3e-005	-0,5					6,3e-005	3,8	
			6,32e-005	-0,48					6,32e-005	3,8	
			6,34e-005	-0,5					6,34e-005	3,8	
			6,36e-005	-0,52					6,36e-005	4	
			6,38e-005	-0,52					6,38e-005	4	
			6,4e-005	-0,54					6,4e-005	4	
			6,42e-005	-0,52					6,42e-005	4,2	
			6,44e-005	-0,54					6,44e-005	4,2	
			6,46e-005	-0,54					6,46e-005	4,4	
			6,48e-005	-0,56					6,48e-005	4,4	
			6,5e-005	-0,6					6,5e-005	4,6	
			6,52e-005	-0,58					6,52e-005	4,4	
			6,54e-005	-0,58					6,54e-005	4,4	
			6,56e-005	-0,6					6,56e-005	4,8	
			6,58e-005	-0,6					6,58e-005	4,8	
			6,6e-005	-0,6					6,6e-005	4,8	
			6,62e-005	-0,6					6,62e-005	4,8	
			6,64e-005	-0,6					6,64e-005	4,8	
			6,66e-005	-0,64					6,66e-005	5	
			6,68e-005	-0,62					6,68e-005	5,2	
			6,7e-005	-0,66					6,7e-005	5,2	
			6,72e-005	-0,64					6,72e-005	5,2	
			6,74e-005	-0,66					6,74e-005	5,2	
			6,76e-005	-0,64					6,76e-005	5,4	
			6,78e-005	-0,66					6,78e-005	5,4	
			6,8e-005	-0,68					6,8e-005	5,4	
			6,82e-005	-0,68					6,82e-005	5,6	
			6,84e-005	-0,68					6,84e-005	5,6	
			6,86e-005	-0,7					6,86e-005	5,6	
			6,88e-005	-0,7					6,88e-005	5,6	
			6,9e-005	-0,68					6,9e-005	5,6	
			6,92e-005	-0,7					6,92e-005	5,8	
			6,94e-005	-0,7					6,94e-005	6	
			6,96e-005	-0,72					6,96e-005	6	
			6,98e-005	-0,74					6,98e-005	6	
			7e-005	-0,76					7e-005	6	
			7,02e-005	-0,76					7,02e-005	6	
			7,04e-005	-0,78					7,04e-005	6,2	
			7,06e-005	-0,78					7,06e-005	6	
			7,08e-005	-0,78					7,08e-005	6,2	
			7,1e-005	-0,78					7,1e-005	6,4	
			7,12e-005	-0,78					7,12e-005	6,4	
			7,14e-005	-0,8					7,14e-005	6,4	
			7,16e-005	-0,8					7,16e-005	6,8	
			7,18e-005	-0,76					7,18e-005	6,6	
			7,2e-005	-0,82					7,2e-005	6,6	
			7,22e-005	-0,82					7,22e-005	6,6	
			7,24e-005	-0,82					7,24e-005	6,8	
			7,26e-005	-0,82					7,26e-005	6,8	
			7,28e-005	-0,84					7,28e-005	6,8	
			7,3e-005	-0,84					7,3e-005	6,8	
			7,32e-005	-0,86					7,32e-005	7,2	
			7,34e-005	-0,86					7,34e-005	7,2	
			7,36e-005	-0,86					7,36e-005	7,2	
			7,38e-005	-0,86					7,38e-005	7,2	
			7,4e-005	-0,9					7,4e-005	7,4	
			7,42e-005	-0,88					7,42e-005	7,4	
			7,44e-005	-0,88					7,44e-005	7,2	
			7,46e-005	-0,9					7,46e-005	7,2	
			7,48e-005	-0,9					7,48e-005	7,4	
			7,5e-005	-0,92					7,5e-005	7,4	
			7,52e-005	-0,94					7,52e-005	7,6	
			7,54e-005	-0,9					7,54e-005	7,6	
			7,56e-005	-0,94					7,56e-005	7,8	
			7,58e-005	-0,92					7,58e-005	7,6	
			7,6e-005	-0,94					7,6e-005	7,6	
			7,62e-005	-0,96					7,62e-005	7,8	
			7,64e-005	-0,94					7,64e-005	7,8	
			7,66e-005	-0,98					7,66e-005	7,6	
			7,68e-005	-0,96					7,68e-005	7,8	
			7,7e-005	-0,96					7,7e-005	8	
			7,72e-005	-0,98					7,72e-005	7,8	
			7,74e-005	-1					7,74e-005	8	
			7,76e-005	-1					7,76e-005	8,2	
			7,78e-005	-1					7,78e-005	8,4	
			7,8e-005	-1					7,8e-005	8	
			7,82e-005	-1					7,82e-005	8	
			7,84e-005	-1,02					7,84e-005	8	
			7,86e-005	-1,02					7,86e-005	8	
			7,88e-005	-1,04					7,88e-005	8	
			7,9e-005	-1,02					7,9e-005	8,2	
			7,92e-005	-1,06					7,92e-005	8,2	
			7,94e-005	-1,06					7,94e-005	8,2	
			7,96e-005	-1,06					7,96e-005	8	
			7,98e-005	-1,04					7,98e-005	8,2	
			8e-005	-1,06					8e-005	8,4	
			8,02e-005	-1,06					8,02e-005	8,2	
			8,04e-005	-1,1					8,04e-005	8,2	
			8,06e-005	-1,08					8,06e-005	8,4	
			8,08e-005	-1,06					8,08e-005	8	
			8,1e-005	-1,06					8,1e-005	8,2	
			8,12e-005	-1,06					8,12e-005	8,2	
			8,14e-005	-1,08					8,14e-005	8,4	
			8,16e-005	-1,08					8,16e-005	8,2	
			8,18e-005	-1,14					8,18e-005	8,4	
			8,2e-005	-1,12					8,2e-005	8,2	
			8,22e-005	-1,12					8,22e-005	8,4	
			8,24e-005	-1,1					8,24e-005	8,4	
			8,26e-005	-1,14					8,26e-005	8,2	
			8,28e-005	-1,14					8,28e-005	8,4	
			8,3e-005	-1,14					8,3e-005	8,6	
			8,32e-005	-1,12					8,32e-005	8	
			8,34e-005	-1,14					8,34e-005	8,2	
			8,36e-005	-1,14					8,36e-005	8,4	
			8,38e-005	-1,18					8,38e-005	8,2	
			8,4e-005	-1,18					8,4e-005	8,4	
			8,42e-005	-1,16					8,42e-005	8,4	
			8,44e-005	-1,18					8,44e-005	8,4	
			8,46e-005	-1,18					8,46e-005	8,4	
			8,48e-005	-1,2					8,48e-005	8,6	
			8,5e-005	-1,2					8,5e-005	8,4	
			8,52e-005	-1,18					8,52e-005	8,2	
			8,54e-005	-1,2					8,54e-005	8,4	
			8,56e-005	-1,24					8,56e-005	8,4	
			8,58e-005	-1,18					8,58e-005	8,6	
			8,6e-005	-1,22					8,6e-005	8,4	
			8,62e-005	-1,22					8,62e-005	8,2	
			8,64e-005	-1,22					8,64e-005	8,4	
			8,66e-005	-1,22					8,66e-005	8,4	
			8,68e-005	-1,22					8,68e-005	8,2	
			8,7e-005	-1,22					8,7e-005	8,2	
			8,72e-005	-1,26					8,72e-005	8,4	
			8,74e-005	-1,24					8,74e-005	8,2	
			8,76e-005	-1,24					8,76e-005	8,4	
			8,78e-005	-1,24					8,78e-005	8,4	
			8,8e-005	-1,28					8,8e-005	8,6	
			8,82e-005	-1,3					8,82e-005	8,4	
			8,84e-005	-1,26					8,84e-005	8,6	
			8,86e-005	-1,26					8,86e-005	8,4	
			8,88e-005	-1,26					8,88e-005	8,6	
			8,9e-005	-1,26					8,9e-005	8,4	
			8,92e-005	-1,26					8,92e-005	8,4	
			8,94e-005	-1,28					8,94e-005	8,4	
			8,96e-005	-1,28					8,96e-005	8,4	
			8,98e-005	-1,28					8,98e-005	8,4	
			9e-005	-1,3					9e-005	8,4	
			9,02e-005	-1,3					9,02e-005	8,2	
			9,04e-005	-1,3					9,04e-005	8,4	
			9,06e-005	-1,32					9,06e-005	8,4	
			9,08e-005	-1,3					9,08e-005	8,6	
			9,1e-005	-1,3					9,1e-005	8,4	
			9,12e-005	-1,32					9,12e-005	8,2	
			9,14e-005	-1,32					9,14e-005	8,4	
			9,16e-005	-1,34					9,16e-005	8,4	
			9,18e-005	-1,32					9,18e-005	8,6	
			9,2e-005	-1,34					9,2e-005	8,6	
			9,22e-005	-1,32					9,22e-005	8,4	
			9,24e-005	-1,32					9,24e-005	8,2	
			9,26e-005	-1,3					9,26e-005	8,4	
			9,28e-005	-1,34					9,28e-005	8,4	
			9,3e-005	-1,34					9,3e-005	8,2	
			9,32e-005	-1,32					9,32e-005	8,4	
			9,34e-005	-1,34					9,34e-005	8,4	
			9,36e-005	-1,34					9,36e-005	8,4	
			9,38e-005	-1,36					9,38e-005	8,4	
			9,4e-005	-1,34					9,4e-005	8,6	
			9,42e-005	-1,36					9,42e-005	8,4	
			9,44e-005	-1,34					9,44e-005	8,4	
			9,46e-005	-1,34					9,46e-005	8,2	
			9,48e-005	-1,36					9,48e-005	8,4	
			9,5e-005	-1,36					9,5e-005	8,4	
			9,52e-005	-1,38					9,52e-005	8,4	
			9,54e-005	-1,38					9,54e-005	8,4	
			9,56e-005	-1,36					9,56e-005	8,4	
			9,58e-005	-1,38					9,58e-005	8,4	
			9,6e-005	-1,36					9,6e-005	8,4	
			9,62e-005	-1,38					9,62e-005	8,4	
			9,64e-005	-1,36					9,64e-005	8,4	
			9,66e-005	-1,38					9,66e-005	8,4	
			9,68e-005	-1,38					9,68e-005	8,4	
			9,7e-005	-1,4					9,7e-005	8,2	
			9,72e-005	-1,4					9,72e-005	8,4	
			9,74e-005	-1,4					9,74e-005	8,6	
			9,76e-005	-1,38					9,76e-005	8,4	
			9,78e-005	-1,38					9,78e-005	8,4	
			9,8e-005	-1,42					9,8e-005	8,4	
			9,82e-005	-1,4					9,82e-005	8,4	
			9,84e-005	-1,38					9,84e-005	8,2	
			9,86e-005	-1,44					9,86e-005	8,4	
			9,88e-005	-1,4					9,88e-005	8,4	
			9,9e-005	-1,38					9,9e-005	8,2	
			9,92e-005	-1,4					9,92e-005	8,2	
			9,94e-005	-1,4					9,94e-005	8,4	
			9,96e-005	-1,4					9,96e-005	8,4	
			9,98e-005	-1,38					9,98e-005	8,4	
			0,0001	-1,4					0,0001	8,4	
			0,0001002	-1,38					0,0001002	8,6	
			0,0001004	-1,44					0,0001004	8,4	
			0,0001006	-1,4					0,0001006	8,4	
			0,0001008	-1,4					0,0001008	8,4	
			0,000101	-1,4					0,000101	8,4	
			0,0001012	-1,4					0,0001012	8,4	
			0,0001014	-1,42					0,0001014	8,4	
			0,0001016	-1,44					0,0001016	8,6	
			0,0001018	-1,42					0,0001018	8,4	
			0,000102	-1,42					0,000102	8,2	
			0,0001022	-1,42					0,0001022	8,4	
			0,0001024	-1,42					0,0001024	8,4	
			0,0001026	-1,42					0,0001026	8,2	
			0,0001028	-1,42					0,0001028	8,4	
			0,000103	-1,42					0,000103	8,2	
			0,0001032	-1,42					0,0001032	8,4	
			0,0001034	-1,42					0,0001034	8,4	
			0,0001036	-1,4					0,0001036	8,4	
			0,0001038	-1,44					0,0001038	8,6	
			0,000104	-1,42					0,000104	8,6	
			0,0001042	-1,42					0,0001042	8,4	
			0,0001044	-1,42					0,0001044	8,2	
			0,0001046	-1,44					0,0001046	8,6	
			0,0001048	-1,42					0,0001048	8,6	
			0,000105	-1,4					0,000105	8,4	
			0,0001052	-1,4					0,0001052	8,2	
			0,0001054	-1,44					0,0001054	8,6	
			0,0001056	-1,42					0,0001056	8,4	
			0,0001058	-1,42					0,0001058	8,4	
			0,000106	-1,38					0,000106	8,4	
			0,0001062	-1,4					0,0001062	8,6	
			0,0001064	-1,42					0,0001064	8,4	
			0,0001066	-1,42					0,0001066	8,6	
			0,0001068	-1,4					0,0001068	8,4	
			0,000107	-1,42					0,000107	8,4	
			0,0001072	-1,42					0,0001072	8,4	
			0,0001074	-1,4					0,0001074	8,4	
			0,0001076	-1,42					0,0001076	8,4	
			0,0001078	-1,4					0,0001078	8,4	
			0,000108	-1,42					0,000108	8,6	
			0,0001082	-1,42					0,0001082	8,4	
			0,0001084	-1,4					0,0001084	8,2	
			0,0001086	-1,42					0,0001086	8,4	
			0,0001088	-1,42					0,0001088	8,4	
			0,000109	-1,42					0,000109	8,4	
			0,0001092	-1,42					0,0001092	8,4	
			0,0001094	-1,44					0,0001094	8,2	
			0,0001096	-1,42					0,0001096	8,2	
			0,0001098	-1,4					0,0001098	8,4	
			0,00011	-1,42					0,00011	8,2	
			0,0001102	-1,42					0,0001102	8,2	
			0,0001104	-1,4					0,0001104	8,4	
			0,0001106	-1,38					0,0001106	8,4	
			0,0001108	-1,42					0,0001108	8,4	
			0,000111	-1,44					0,000111	8,4	
			0,0001112	-1,4					0,0001112	8,4	
			0,0001114	-1,38					0,0001114	8,6	
			0,0001116	-1,42					0,0001116	8,4	
			0,0001118	-1,4					0,0001118	8,4	
			0,000112	-1,38					0,000112	8,4	
			0,0001122	-1,42					0,0001122	8,6	
			0,0001124	-1,4					0,0001124	8,4	
			0,0001126	-1,4					0,0001126	8,4	
			0,0001128	-1,4					0,0001128	8,4	
			0,000113	-1,4					0,000113	8,4	
			0,0001132	-1,4					0,0001132	8,4	
			0,0001134	-1,4					0,0001134	8,4	
			0,0001136	-1,4					0,0001136	8,4	
			0,0001138	-1,4					0,0001138	8,4	
			0,000114	-1,4					0,000114	8,4	
			0,0001142	-1,4					0,0001142	8,2	
			0,0001144	-1,4					0,0001144	8,4	
			0,0001146	-1,4					0,0001146	8,4	
			0,0001148	-1,42					0,0001148	8,2	
			0,000115	-1,38					0,000115	8,4	
			0,0001152	-1,4					0,0001152	8,4	
			0,0001154	-1,36					0,0001154	8,2	
			0,0001156	-1,4					0,0001156	8,2	
			0,0001158	-1,4					0,0001158	8,2	
			0,000116	-1,4					0,000116	8,2	
			0,0001162	-1,38					0,0001162	8,4	
			0,0001164	-1,36					0,0001164	8,4	
			0,0001166	-1,38					0,0001166	8,4	
			0,0001168	-1,36					0,0001168	8,4	
			0,000117	-1,38					0,000117	8,2	
			0,0001172	-1,36					0,0001172	8,4	
			0,0001174	-1,34					0,0001174	8,6	
			0,0001176	-1,36					0,0001176	8,4	
			0,0001178	-1,34					0,0001178	8,4	
			0,000118	-1,38					0,000118	8,4	
			0,0001182	-1,36					0,0001182	8,2	
			0,0001184	-1,38					0,0001184	8,2	
			0,0001186	-1,34					0,0001186	8,4	
			0,0001188	-1,34					0,0001188	8,4	
			0,000119	-1,36					0,000119	8,4	
			0,0001192	-1,3					0,0001192	8,6	
			0,0001194	-1,34					0,0001194	8,4	
			0,0001196	-1,34					0,0001196	8,4	
			0,0001198	-1,34					0,0001198	8,4	
			0,00012	-1,32					0,00012	8,4	
			0,0001202	-1,34					0,0001202	8,4	
			0,0001204	-1,32					0,0001204	8,6	
			0,0001206	-1,32					0,0001206	8,4	
			0,0001208	-1,32					0,0001208	8,4	
			0,000121	-1,3					0,000121	8,4	
			0,0001212	-1,32					0,0001212	8,4	
			0,0001214	-1,3					0,0001214	8,4	
			0,0001216	-1,28					0,0001216	8,4	
			0,0001218	-1,32					0,0001218	8,4	
			0,000122	-1,3					0,000122	8,6	
			0,0001222	-1,3					0,0001222	8,4	
			0,0001224	-1,3					0,0001224	8,4	
			0,0001226	-1,26					0,0001226	8,4	
			0,0001228	-1,26					0,0001228	8,2	
			0,000123	-1,28					0,000123	8,4	
			0,0001232	-1,28					0,0001232	8,4	
			0,0001234	-1,28					0,0001234	8,2	
			0,0001236	-1,28					0,0001236	8,6	
			0,0001238	-1,26					0,0001238	8,4	
			0,000124	-1,24					0,000124	8,4	
			0,0001242	-1,26					0,0001242	8,6	
			0,0001244	-1,26					0,0001244	8,2	
			0,0001246	-1,24					0,0001246	8,4	
			0,0001248	-1,22					0,0001248	8,4	
			0,000125	-1,26					0,000125	8,4	
			0,0001252	-1,26					0,0001252	8,4	
			0,0001254	-1,24					0,0001254	8,4	
			0,0001256	-1,24					0,0001256	8,4	
			0,0001258	-1,26					0,0001258	8,4	
			0,000126	-1,24					0,000126	8,4	
			0,0001262	-1,24					0,0001262	8,6	
			0,0001264	-1,22					0,0001264	8,6	
			0,0001266	-1,22					0,0001266	8,2	
			0,0001268	-1,2					0,0001268	8,4	
			0,000127	-1,18					0,000127	8,4	
			0,0001272	-1,2					0,0001272	8,6	
			0,0001274	-1,16					0,0001274	8,2	
			0,0001276	-1,18					0,0001276	8,2	
			0,0001278	-1,18					0,0001278	8,4	
			0,000128	-1,18					0,000128	8,4	
			0,0001282	-1,16					0,0001282	8,2	
			0,0001284	-1,18					0,0001284	8,6	
			0,0001286	-1,18					0,0001286	8,4	
			0,0001288	-1,14					0,0001288	8,4	
			0,000129	-1,16					0,000129	8,2	
			0,0001292	-1,18					0,0001292	8,4	
			0,0001294	-1,12					0,0001294	8,4	
			0,0001296	-1,12					0,0001296	8,4	
			0,0001298	-1,12					0,0001298	8,4	
			0,00013	-1,14					0,00013	8,2	
			0,0001302	-1,12					0,0001302	8,4	
			0,0001304	-1,12					0,0001304	8,6	
			0,0001306	-1,1					0,0001306	8,4	
			0,0001308	-1,14					0,0001308	8,4	
			0,000131	-1,1					0,000131	8,6	
			0,0001312	-1,1					0,0001312	8,4	
			0,0001314	-1,1					0,0001314	8,4	
			0,0001316	-1,12					0,0001316	8,4	
			0,0001318	-1,08					0,0001318	8,2	
			0,000132	-1,06					0,000132	8,6	
			0,0001322	-1,06					0,0001322	8,4	
			0,0001324	-1,08					0,0001324	8,4	
			0,0001326	-1,06					0,0001326	8,2	
			0,0001328	-1,04					0,0001328	8,2	
			0,000133	-1,04					0,000133	8,2	
			0,0001332	-1,06					0,0001332	8,4	
			0,0001334	-1,04					0,0001334	8,2	
			0,0001336	-1,02					0,0001336	8,4	
			0,0001338	-1,02					0,0001338	8,4	
			0,000134	-1,02					0,000134	8,4	
			0,0001342	-1					0,0001342	8,4	
			0,0001344	-1					0,0001344	8,4	
			0,0001346	-1,02					0,0001346	8,6	
			0,0001348	-0,98					0,0001348	8,4	
			0,000135	-0,98					0,000135	8,2	
			0,0001352	-0,96					0,0001352	8,2	
			0,0001354	-0,98					0,0001354	8	
			0,0001356	-0,98					0,0001356	8	
			0,0001358	-0,98					0,0001358	8	
			0,000136	-0,96					0,000136	8,2	
			0,0001362	-0,96					0,0001362	8,2	
			0,0001364	-0,96					0,0001364	8,4	
			0,0001366	-0,96					0,0001366	8,2	
			0,0001368	-0,96					0,0001368	8	
			0,000137	-0,94					0,000137	8,2	
			0,0001372	-0,92					0,0001372	8	
			0,0001374	-0,92					0,0001374	8	
			0,0001376	-0,9					0,0001376	8	
			0,0001378	-0,9					0,0001378	8	
			0,000138	-0,9					0,000138	7,8	
			0,0001382	-0,92					0,0001382	7,8	
			0,0001384	-0,9					0,0001384	8	
			0,0001386	-0,9					0,0001386	7,8	
			0,0001388	-0,88					0,0001388	7,8	
			0,000139	-0,88					0,000139	7,4	
			0,0001392	-0,86					0,0001392	7,6	
			0,0001394	-0,84					0,0001394	7,6	
			0,0001396	-0,86					0,0001396	7,4	
			0,0001398	-0,84					0,0001398	7,6	
			0,00014	-0,84					0,00014	7,6	
			0,0001402	-0,82					0,0001402	7,6	
			0,0001404	-0,82					0,0001404	7,2	
			0,0001406	-0,8					0,0001406	7,4	
			0,0001408	-0,82					0,0001408	7,4	
			0,000141	-0,8					0,000141	7,4	
			0,0001412	-0,82					0,0001412	7,4	
			0,0001414	-0,8					0,0001414	7,4	
			0,0001416	-0,8					0,0001416	7,2	
			0,0001418	-0,8					0,0001418	7,2	
			0,000142	-0,78					0,000142	7	
			0,0001422	-0,78					0,0001422	7	
			0,0001424	-0,76					0,0001424	6,6	
			0,0001426	-0,74					0,0001426	6,8	
			0,0001428	-0,74					0,0001428	7	
			0,000143	-0,74					0,000143	6,8	
			0,0001432	-0,74					0,0001432	6,6	
			0,0001434	-0,72					0,0001434	6,6	
			0,0001436	-0,74					0,0001436	6,6	
			0,0001438	-0,7					0,0001438	6,4	
			0,000144	-0,74					0,000144	6,4	
			0,0001442	-0,72					0,0001442	6,4	
			0,0001444	-0,68					0,0001444	6,2	
			0,0001446	-0,68					0,0001446	6,4	
			0,0001448	-0,66					0,0001448	6,2	
			0,000145	-0,68					0,000145	6,2	
			0,0001452	-0,68					0,0001452	6,2	
			0,0001454	-0,7					0,0001454	6	
			0,0001456	-0,68					0,0001456	6,2	
			0,0001458	-0,66					0,0001458	5,8	
			0,000146	-0,64					0,000146	5,8	
			0,0001462	-0,64					0,0001462	6	
			0,0001464	-0,64					0,0001464	5,8	
			0,0001466	-0,62					0,0001466	5,8	
			0,0001468	-0,62					0,0001468	5,6	
			0,000147	-0,62					0,000147	5,4	
			0,0001472	-0,62					0,0001472	5,4	
			0,0001474	-0,58					0,0001474	5,6	
			0,0001476	-0,56					0,0001476	5,4	
			0,0001478	-0,58					0,0001478	5,2	
			0,000148	-0,56					0,000148	5,4	
			0,0001482	-0,58					0,0001482	5,2	
			0,0001484	-0,56					0,0001484	5,2	
			0,0001486	-0,54					0,0001486	5	
			0,0001488	-0,54					0,0001488	5	
			0,000149	-0,54					0,000149	5	
			0,0001492	-0,52					0,0001492	5	
			0,0001494	-0,52					0,0001494	4,8	
			0,0001496	-0,52					0,0001496	4,8	
			0,0001498	-0,5					0,0001498	4,8	
			0,00015	-0,5					0,00015	4,6	
			0,0001502	-0,5					0,0001502	4,4	
			0,0001504	-0,5					0,0001504	4,6	
			0,0001506	-0,48					0,0001506	4,4	
			0,0001508	-0,48					0,0001508	4,4	
			0,000151	-0,48					0,000151	4,2	
			0,0001512	-0,46					0,0001512	4,2	
			0,0001514	-0,44					0,0001514	4,2	
			0,0001516	-0,42					0,0001516	4	
			0,0001518	-0,44					0,0001518	4,2	
			0,000152	-0,44					0,000152	3,8	
			0,0001522	-0,4					0,0001522	4	
			0,0001524	-0,42					0,0001524	3,8	
			0,0001526	-0,42					0,0001526	3,8	
			0,0001528	-0,42					0,0001528	3,6	
			0,000153	-0,38					0,000153	3,6	
			0,0001532	-0,36					0,0001532	3,4	
			0,0001534	-0,38					0,0001534	3,6	
			0,0001536	-0,36					0,0001536	3,4	
			0,0001538	-0,34					0,0001538	3,2	
			0,000154	-0,36					0,000154	3,6	
			0,0001542	-0,36					0,0001542	3,2	
			0,0001544	-0,32					0,0001544	3,2	
			0,0001546	-0,34					0,0001546	3	
			0,0001548	-0,32					0,0001548	3	
			0,000155	-0,3					0,000155	3	
			0,0001552	-0,3					0,0001552	2,8	
			0,0001554	-0,28					0,0001554	2,8	
			0,0001556	-0,28					0,0001556	2,6	
			0,0001558	-0,3					0,0001558	2,6	
			0,000156	-0,26					0,000156	2,6	
			0,0001562	-0,28					0,0001562	2,4	
			0,0001564	-0,24					0,0001564	2,4	
			0,0001566	-0,26					0,0001566	2,2	
			0,0001568	-0,24					0,0001568	2	
			0,000157	-0,26					0,000157	2,4	
			0,0001572	-0,22					0,0001572	2,4	
			0,0001574	-0,22					0,0001574	2	
			0,0001576	-0,22					0,0001576	2	
			0,0001578	-0,22					0,0001578	1,8	
			0,000158	-0,2					0,000158	1,6	
			0,0001582	-0,18					0,0001582	1,6	
			0,0001584	-0,2					0,0001584	1,6	
			0,0001586	-0,18					0,0001586	1,8	
			0,0001588	-0,16					0,0001588	1,6	
			0,000159	-0,2					0,000159	1,4	
			0,0001592	-0,14					0,0001592	1,4	
			0,0001594	-0,12					0,0001594	1,4	
			0,0001596	-0,14					0,0001596	1,4	
			0,0001598	-0,12					0,0001598	1,2	
			0,00016	-0,1					0,00016	1,4	
			0,0001602	-0,1					0,0001602	1	
			0,0001604	-0,1					0,0001604	1,4	
			0,0001606	-0,1					0,0001606	0,6	
			0,0001608	-0,1					0,0001608	0,8	
			0,000161	-0,1					0,000161	0,8	
			0,0001612	-0,08					0,0001612	0,6	
			0,0001614	-0,08					0,0001614	0,8	
			0,0001616	-0,08					0,0001616	0,6	
			0,0001618	-0,02					0,0001618	0,4	
			0,000162	-0,04					0,000162	0,2	
			0,0001622	-0,02					0,0001622	0,2	
			0,0001624	-0,04					0,0001624	0,2	
			0,0001626	-0,02					0,0001626	0,4	
			0,0001628	-0,04					0,0001628	0,2	
			0,000163	-0,04					0,000163	-0,2	
			0,0001632	0					0,0001632	0	
			0,0001634	0					0,0001634	0	
			0,0001636	0,02					0,0001636	0	
			0,0001638	0,04					0,0001638	-0,2	
			0,000164	0,02					0,000164	-0,2	
			0,0001642	0,06					0,0001642	-0,2	
			0,0001644	0,04					0,0001644	-0,4	
			0,0001646	0,06					0,0001646	-0,4	
			0,0001648	0,04					0,0001648	-0,4	
			0,000165	0,06					0,000165	-0,6	
			0,0001652	0,06					0,0001652	-0,4	
			0,0001654	0,06					0,0001654	-0,8	
			0,0001656	0,06					0,0001656	-0,8	
			0,0001658	0,1					0,0001658	-1	
			0,000166	0,1					0,000166	-1	
			0,0001662	0,08					0,0001662	-1	
			0,0001664	0,12					0,0001664	-1,2	
			0,0001666	0,12					0,0001666	-1,2	
			0,0001668	0,12					0,0001668	-1,4	
			0,000167	0,14					0,000167	-1,4	
			0,0001672	0,18					0,0001672	-1,4	
			0,0001674	0,18					0,0001674	-1,4	
			0,0001676	0,16					0,0001676	-1,4	
			0,0001678	0,2					0,0001678	-1,6	
			0,000168	0,18					0,000168	-1,6	
			0,0001682	0,14					0,0001682	-1,6	
			0,0001684	0,18					0,0001684	-1,8	
			0,0001686	0,18					0,0001686	-1,8	
			0,0001688	0,2					0,0001688	-2	
			0,000169	0,2					0,000169	-2	
			0,0001692	0,2					0,0001692	-2	
			0,0001694	0,22					0,0001694	-2,2	
			0,0001696	0,22					0,0001696	-2,2	
			0,0001698	0,24					0,0001698	-2,6	
			0,00017	0,24					0,00017	-2,4	
			0,0001702	0,24					0,0001702	-2,4	
			0,0001704	0,26					0,0001704	-2,4	
			0,0001706	0,26					0,0001706	-2,6	
			0,0001708	0,26					0,0001708	-2,6	
			0,000171	0,26					0,000171	-2,8	
			0,0001712	0,3					0,0001712	-3	
			0,0001714	0,3					0,0001714	-2,8	
			0,0001716	0,3					0,0001716	-3	
			0,0001718	0,28					0,0001718	-3	
			0,000172	0,3					0,000172	-3	
			0,0001722	0,3					0,0001722	-3,2	
			0,0001724	0,34					0,0001724	-3,2	
			0,0001726	0,34					0,0001726	-3,4	
			0,0001728	0,34					0,0001728	-3,4	
			0,000173	0,34					0,000173	-3,4	
			0,0001732	0,38					0,0001732	-3,4	
			0,0001734	0,32					0,0001734	-3,8	
			0,0001736	0,38					0,0001736	-3,6	
			0,0001738	0,38					0,0001738	-3,6	
			0,000174	0,38					0,000174	-3,8	
			0,0001742	0,4					0,0001742	-4	
			0,0001744	0,38					0,0001744	-3,8	
			0,0001746	0,38					0,0001746	-3,8	
			0,0001748	0,42					0,0001748	-4	
			0,000175	0,42					0,000175	-4,4	
			0,0001752	0,42					0,0001752	-4,2	
			0,0001754	0,42					0,0001754	-4,2	
			0,0001756	0,44					0,0001756	-4,4	
			0,0001758	0,46					0,0001758	-4,2	
			0,000176	0,46					0,000176	-4,4	
			0,0001762	0,48					0,0001762	-4,4	
			0,0001764	0,46					0,0001764	-4,6	
			0,0001766	0,48					0,0001766	-4,8	
			0,0001768	0,48					0,0001768	-4,8	
			0,000177	0,5					0,000177	-4,6	
			0,0001772	0,48					0,0001772	-4,8	
			0,0001774	0,48					0,0001774	-5	
			0,0001776	0,5					0,0001776	-4,8	
			0,0001778	0,5					0,0001778	-5,2	
			0,000178	0,52					0,000178	-5	
			0,0001782	0,5					0,0001782	-5	
			0,0001784	0,54					0,0001784	-5,2	
			0,0001786	0,54					0,0001786	-5,4	
			0,0001788	0,54					0,0001788	-5,2	
			0,000179	0,54					0,000179	-5,4	
			0,0001792	0,58					0,0001792	-5,4	
			0,0001794	0,56					0,0001794	-5,6	
			0,0001796	0,58					0,0001796	-5,6	
			0,0001798	0,58					0,0001798	-5,6	
			0,00018	0,58					0,00018	-5,8	
			0,0001802	0,58					0,0001802	-6	
			0,0001804	0,58					0,0001804	-5,8	
			0,0001806	0,62					0,0001806	-6	
			0,0001808	0,6					0,0001808	-6	
			0,000181	0,6					0,000181	-6	
			0,0001812	0,62					0,0001812	-6,2	
			0,0001814	0,62					0,0001814	-6	
			0,0001816	0,64					0,0001816	-6,2	
			0,0001818	0,62					0,0001818	-6	
			0,000182	0,6					0,000182	-6,2	
			0,0001822	0,64					0,0001822	-6,4	
			0,0001824	0,64					0,0001824	-6,2	
			0,0001826	0,66					0,0001826	-6,4	
			0,0001828	0,64					0,0001828	-6,6	
			0,000183	0,68					0,000183	-6,8	
			0,0001832	0,68					0,0001832	-6,8	
			0,0001834	0,7					0,0001834	-6,6	
			0,0001836	0,68					0,0001836	-6,8	
			0,0001838	0,68					0,0001838	-6,8	
			0,000184	0,72					0,000184	-6,8	
			0,0001842	0,68					0,0001842	-7,2	
			0,0001844	0,72					0,0001844	-7	
			0,0001846	0,7					0,0001846	-7	
			0,0001848	0,72					0,0001848	-7	
			0,000185	0,72					0,000185	-7,2	
			0,0001852	0,76					0,0001852	-7,2	
			0,0001854	0,72					0,0001854	-7,2	
			0,0001856	0,76					0,0001856	-7,4	
			0,0001858	0,76					0,0001858	-7,4	
			0,000186	0,76					0,000186	-7,4	
			0,0001862	0,78					0,0001862	-7,6	
			0,0001864	0,78					0,0001864	-7,6	
			0,0001866	0,78					0,0001866	-7,6	
			0,0001868	0,78					0,0001868	-7,6	
			0,000187	0,82					0,000187	-7,8	
			0,0001872	0,78					0,0001872	-7,8	
			0,0001874	0,8					0,0001874	-7,8	
			0,0001876	0,8					0,0001876	-8	
			0,0001878	0,8					0,0001878	-8,2	
			0,000188	0,8					0,000188	-8	
			0,0001882	0,8					0,0001882	-8	
			0,0001884	0,82					0,0001884	-8	
			0,0001886	0,84					0,0001886	-8,2	
			0,0001888	0,82					0,0001888	-8,2	
			0,000189	0,82					0,000189	-8,2	
			0,0001892	0,86					0,0001892	-8,4	
			0,0001894	0,86					0,0001894	-8,4	
			0,0001896	0,84					0,0001896	-8,6	
			0,0001898	0,86					0,0001898	-8,6	
			0,00019	0,86					0,00019	-8,6	
			0,0001902	0,86					0,0001902	-8,6	
			0,0001904	0,86					0,0001904	-8,4	
			0,0001906	0,86					0,0001906	-8,8	
			0,0001908	0,86					0,0001908	-8,6	
			0,000191	0,9					0,000191	-8,6	
			0,0001912	0,9					0,0001912	-8,8	
			0,0001914	0,88					0,0001914	-9	
			0,0001916	0,9					0,0001916	-9	
			0,0001918	0,9					0,0001918	-8,8	
			0,000192	0,92					0,000192	-9	
			0,0001922	0,88					0,0001922	-9	
			0,0001924	0,9					0,0001924	-9	
			0,0001926	0,94					0,0001926	-9	
			0,0001928	0,9					0,0001928	-9	
			0,000193	0,92					0,000193	-9	
			0,0001932	0,92					0,0001932	-9	
			0,0001934	0,94					0,0001934	-9,4	
			0,0001936	0,94					0,0001936	-9,4	
			0,0001938	0,96					0,0001938	-9,2	
			0,000194	0,94					0,000194	-9,6	
			0,0001942	0,96					0,0001942	-9,2	
			0,0001944	0,96					0,0001944	-9,2	
			0,0001946	0,98					0,0001946	-9,6	
			0,0001948	0,96					0,0001948	-9,6	
			0,000195	0,98					0,000195	-9,6	
			0,0001952	0,98					0,0001952	-9,6	
			0,0001954	0,98					0,0001954	-9,4	
			0,0001956	0,98					0,0001956	-9,4	
			0,0001958	0,98					0,0001958	-9,6	
			0,000196	0,98					0,000196	-9,8	
			0,0001962	0,98					0,0001962	-9,6	
			0,0001964	0,98					0,0001964	-9,8	
			0,0001966	1					0,0001966	-9,8	
			0,0001968	1,02					0,0001968	-9,8	
			0,000197	1					0,000197	-9,8	
			0,0001972	1,04					0,0001972	-9,8	
			0,0001974	1					0,0001974	-9,6	
			0,0001976	1,04					0,0001976	-9,6	
			0,0001978	1,04					0,0001978	-9,6	
			0,000198	1,02					0,000198	-9,6	
			0,0001982	1,02					0,0001982	-9,6	
			0,0001984	1,06					0,0001984	-9,6	
			0,0001986	1,04					0,0001986	-9,8	
			0,0001988	1,04					0,0001988	-9,6	
			0,000199	1,04					0,000199	-9,8	
			0,0001992	1,06					0,0001992	-9,6	
			0,0001994	1,06					0,0001994	-9,6	
			0,0001996	1,08					0,0001996	-9,4	
			0,0001998	1,06					0,0001998	-9,6	
			0,0002	1,04					0,0002	-9,6	
			0,0002002	1,06					0,0002002	-9,8	
			0,0002004	1,08					0,0002004	-9,6	
			0,0002006	1,06					0,0002006	-9,6	
			0,0002008	1,1					0,0002008	-9,6	
			0,000201	1,1					0,000201	-9,4	
			0,0002012	1,1					0,0002012	-9,8	
			0,0002014	1,06					0,0002014	-9,8	
			0,0002016	1,06					0,0002016	-9,6	
			0,0002018	1,1					0,0002018	-9,8	
			0,000202	1,08					0,000202	-9,6	
			0,0002022	1,06					0,0002022	-9,6	
			0,0002024	1,1					0,0002024	-9,6	
			0,0002026	1,08					0,0002026	-9,8	
			0,0002028	1,08					0,0002028	-9,8	
			0,000203	1,06					0,000203	-9,4	
			0,0002032	1,1					0,0002032	-9,6	
			0,0002034	1,1					0,0002034	-9,8	
			0,0002036	1,12					0,0002036	-9,6	
			0,0002038	1,12					0,0002038	-9,6	
			0,000204	1,12					0,000204	-9,6	
			0,0002042	1,1					0,0002042	-9,8	
			0,0002044	1,1					0,0002044	-9,6	
			0,0002046	1,1					0,0002046	-9,6	
			0,0002048	1,08					0,0002048	-9,6	
			0,000205	1,1					0,000205	-9,8	
			0,0002052	1,12					0,0002052	-9,6	
			0,0002054	1,14					0,0002054	-9,4	
			0,0002056	1,12					0,0002056	-9,6	
			0,0002058	1,14					0,0002058	-9,8	
			0,000206	1,12					0,000206	-9,6	
			0,0002062	1,14					0,0002062	-9,6	
			0,0002064	1,14					0,0002064	-9,6	
			0,0002066	1,1					0,0002066	-9,8	
			0,0002068	1,16					0,0002068	-9,6	
			0,000207	1,12					0,000207	-9,8	
			0,0002072	1,12					0,0002072	-9,4	
			0,0002074	1,14					0,0002074	-9,8	
			0,0002076	1,16					0,0002076	-9,6	
			0,0002078	1,16					0,0002078	-10	
			0,000208	1,14					0,000208	-9,6	
			0,0002082	1,12					0,0002082	-9,8	
			0,0002084	1,14					0,0002084	-9,6	
			0,0002086	1,14					0,0002086	-9,8	
			0,0002088	1,14					0,0002088	-9,4	
			0,000209	1,16					0,000209	-9,6	
			0,0002092	1,18					0,0002092	-9,8	
			0,0002094	1,14					0,0002094	-9,6	
			0,0002096	1,16					0,0002096	-9,6	
			0,0002098	1,16					0,0002098	-9,6	
			0,00021	1,18					0,00021	-9,6	
			0,0002102	1,16					0,0002102	-9,6	
			0,0002104	1,16					0,0002104	-9,6	
			0,0002106	1,14					0,0002106	-9,6	
			0,0002108	1,14					0,0002108	-9,6	
			0,000211	1,2					0,000211	-9,6	
			0,0002112	1,16					0,0002112	-9,6	
			0,0002114	1,16					0,0002114	-9,6	
			0,0002116	1,14					0,0002116	-9,4	
			0,0002118	1,18					0,0002118	-9,6	
			0,000212	1,16					0,000212	-9,8	
			0,0002122	1,18					0,0002122	-9,8	
			0,0002124	1,16					0,0002124	-9,8	
			0,0002126	1,18					0,0002126	-9,6	
			0,0002128	1,14					0,0002128	-9,4	
			0,000213	1,14					0,000213	-9,6	
			0,0002132	1,18					0,0002132	-9,6	
			0,0002134	1,18					0,0002134	-9,6	
			0,0002136	1,18					0,0002136	-9,8	
			0,0002138	1,16					0,0002138	-9,6	
			0,000214	1,16					0,000214	-9,6	
			0,0002142	1,18					0,0002142	-9,6	
			0,0002144	1,14					0,0002144	-9,8	
			0,0002146	1,14					0,0002146	-9,6	
			0,0002148	1,16					0,0002148	-9,6	
			0,000215	1,18					0,000215	-9,6	
			0,0002152	1,18					0,0002152	-9,6	
			0,0002154	1,14					0,0002154	-9,4	
			0,0002156	1,18					0,0002156	-9,8	
			0,0002158	1,18					0,0002158	-9,4	
			0,000216	1,16					0,000216	-9,4	
			0,0002162	1,16					0,0002162	-9,8	
			0,0002164	1,18					0,0002164	-9,6	
			0,0002166	1,16					0,0002166	-9,6	
			0,0002168	1,18					0,0002168	-10	
			0,000217	1,14					0,000217	-9,6	
			0,0002172	1,16					0,0002172	-9,6	
			0,0002174	1,16					0,0002174	-9,6	
			0,0002176	1,16					0,0002176	-9,4	
			0,0002178	1,14					0,0002178	-9,8	
			0,000218	1,16					0,000218	-9,6	
			0,0002182	1,18					0,0002182	-9,8	
			0,0002184	1,16					0,0002184	-9,8	
			0,0002186	1,12					0,0002186	-9,6	
			0,0002188	1,16					0,0002188	-9,8	
			0,000219	1,16					0,000219	-9,6	
			0,0002192	1,16					0,0002192	-9,6	
			0,0002194	1,14					0,0002194	-9,6	
			0,0002196	1,14					0,0002196	-9,6	
			0,0002198	1,16					0,0002198	-9,6	
			0,00022	1,16					0,00022	-9,6	
			0,0002202	1,14					0,0002202	-9,6	
			0,0002204	1,14					0,0002204	-9,8	
			0,0002206	1,14					0,0002206	-9,8	
			0,0002208	1,16					0,0002208	-9,6	
			0,000221	1,12					0,000221	-9,8	
			0,0002212	1,1					0,0002212	-9,6	
			0,0002214	1,12					0,0002214	-9,6	
			0,0002216	1,14					0,0002216	-9,6	
			0,0002218	1,16					0,0002218	-9,6	
			0,000222	1,14					0,000222	-9,6	
			0,0002222	1,16					0,0002222	-9,4	
			0,0002224	1,1					0,0002224	-9,6	
			0,0002226	1,16					0,0002226	-9,6	
			0,0002228	1,12					0,0002228	-9,4	
			0,000223	1,14					0,000223	-9,8	
			0,0002232	1,1					0,0002232	-9,6	
			0,0002234	1,12					0,0002234	-9,8	
			0,0002236	1,14					0,0002236	-9,6	
			0,0002238	1,12					0,0002238	-9,8	
			0,000224	1,12					0,000224	-9,6	
			0,0002242	1,12					0,0002242	-9,8	
			0,0002244	1,08					0,0002244	-9,8	
			0,0002246	1,1					0,0002246	-9,6	
			0,0002248	1,12					0,0002248	-9,6	
			0,000225	1,1					0,000225	-9,8	
			0,0002252	1,1					0,0002252	-9,8	
			0,0002254	1,1					0,0002254	-9,8	
			0,0002256	1,08					0,0002256	-10	
			0,0002258	1,1					0,0002258	-9,8	
			0,000226	1,08					0,000226	-9,8	
			0,0002262	1,08					0,0002262	-9,6	
			0,0002264	1,08					0,0002264	-9,6	
			0,0002266	1,06					0,0002266	-9,8	
			0,0002268	1,08					0,0002268	-9,6	
			0,000227	1,06					0,000227	-9,8	
			0,0002272	1,08					0,0002272	-9,6	
			0,0002274	1,08					0,0002274	-9,8	
			0,0002276	1,08					0,0002276	-10	
			0,0002278	1,04					0,0002278	-9,6	
			0,000228	1,06					0,000228	-9,6	
			0,0002282	1,06					0,0002282	-9,8	
			0,0002284	1,04					0,0002284	-9,8	
			0,0002286	1,04					0,0002286	-9,6	
			0,0002288	1,08					0,0002288	-9,8	
			0,000229	1,04					0,000229	-9,8	
			0,0002292	1,06					0,0002292	-9,6	
			0,0002294	1,04					0,0002294	-9,8	
			0,0002296	1,06					0,0002296	-9,8	
			0,0002298	1,02					0,0002298	-10	
			0,00023	1,02					0,00023	-9,8	
			0,0002302	1,02					0,0002302	-9,6	
			0,0002304	1					0,0002304	-9,6	
			0,0002306	1					0,0002306	-9,4	
			0,0002308	1,02					0,0002308	-9,8	
			0,000231	0,98					0,000231	-10	
			0,0002312	0,98					0,0002312	-9,8	
			0,0002314	1					0,0002314	-9,8	
			0,0002316	1					0,0002316	-9,8	
			0,0002318	0,98					0,0002318	-10	
			0,000232	1					0,000232	-9,8	
			0,0002322	1					0,0002322	-9,6	
			0,0002324	1,02					0,0002324	-9,8	
			0,0002326	1					0,0002326	-9,8	
			0,0002328	0,98					0,0002328	-9,8	
			0,000233	0,98					0,000233	-9,8	
			0,0002332	0,96					0,0002332	-9,8	
			0,0002334	0,98					0,0002334	-9,8	
			0,0002336	0,94					0,0002336	-9,6	
			0,0002338	0,98					0,0002338	-10	
			0,000234	0,94					0,000234	-9,6	
			0,0002342	0,98					0,0002342	-10	
			0,0002344	0,94					0,0002344	-9,8	
			0,0002346	0,92					0,0002346	-9,8	
			0,0002348	0,94					0,0002348	-9,8	
			0,000235	0,92					0,000235	-9,8	
			0,0002352	0,94					0,0002352	-9,6	
			0,0002354	0,92					0,0002354	-9,8	
			0,0002356	0,92					0,0002356	-9,8	
			0,0002358	0,9					0,0002358	-9,4	
			0,000236	0,9					0,000236	-9,6	
			0,0002362	0,9					0,0002362	-9,6	
			0,0002364	0,88					0,0002364	-9,6	
			0,0002366	0,9					0,0002366	-9,2	
			0,0002368	0,86					0,0002368	-9,4	
			0,000237	0,88					0,000237	-9,2	
			0,0002372	0,88					0,0002372	-9,4	
			0,0002374	0,86					0,0002374	-9,2	
			0,0002376	0,86					0,0002376	-9	
			0,0002378	0,86					0,0002378	-9	
			0,000238	0,86					0,000238	-9,2	
			0,0002382	0,84					0,0002382	-9	
			0,0002384	0,84					0,0002384	-9	
			0,0002386	0,86					0,0002386	-8,8	
			0,0002388	0,84					0,0002388	-8,8	
			0,000239	0,86					0,000239	-8,6	
			0,0002392	0,82					0,0002392	-8,6	
			0,0002394	0,84					0,0002394	-8,8	
			0,0002396	0,84					0,0002396	-8,6	
			0,0002398	0,82					0,0002398	-8,6	
			0,00024	0,78					0,00024	-8,4	
			0,0002402	0,8					0,0002402	-8,2	
			0,0002404	0,76					0,0002404	-8,4	
			0,0002406	0,78					0,0002406	-8,2	
			0,0002408	0,78					0,0002408	-8,4	
			0,000241	0,76					0,000241	-8,4	
			0,0002412	0,76					0,0002412	-8,2	
			0,0002414	0,76					0,0002414	-8,2	
			0,0002416	0,76					0,0002416	-8,4	
			0,0002418	0,76					0,0002418	-8	
			0,000242	0,74					0,000242	-8	
			0,0002422	0,74					0,0002422	-7,8	
			0,0002424	0,74					0,0002424	-7,6	
			0,0002426	0,72					0,0002426	-7,8	
			0,0002428	0,74					0,0002428	-7,6	
			0,000243	0,74					0,000243	-7,8	
			0,0002432	0,72					0,0002432	-7,8	
			0,0002434	0,7					0,0002434	-7,6	
			0,0002436	0,68					0,0002436	-7,4	
			0,0002438	0,68					0,0002438	-7,4	
			0,000244	0,68					0,000244	-7,4	
			0,0002442	0,68					0,0002442	-7,4	
			0,0002444	0,66					0,0002444	-7,4	
			0,0002446	0,68					0,0002446	-7,2	
			0,0002448	0,66					0,0002448	-7,2	
			0,000245	0,66					0,000245	-7,2	
			0,0002452	0,66					0,0002452	-7,2	
			0,0002454	0,64					0,0002454	-7,2	
			0,0002456	0,64					0,0002456	-7	
			0,0002458	0,66					0,0002458	-7	
			0,000246	0,62					0,000246	-6,8	
			0,0002462	0,62					0,0002462	-7	
			0,0002464	0,6					0,0002464	-6,6	
			0,0002466	0,6					0,0002466	-6,8	
			0,0002468	0,6					0,0002468	-6,6	
			0,000247	0,6					0,000247	-6,6	
			0,0002472	0,58					0,0002472	-6,4	
			0,0002474	0,6					0,0002474	-6,4	
			0,0002476	0,58					0,0002476	-6,2	
			0,0002478	0,58					0,0002478	-6,2	
			0,000248	0,58					0,000248	-6,2	
			0,0002482	0,56					0,0002482	-6	
			0,0002484	0,52					0,0002484	-6,2	
			0,0002486	0,56					0,0002486	-6	
			0,0002488	0,56					0,0002488	-6	
			0,000249	0,54					0,000249	-6	
			0,0002492	0,52					0,0002492	-5,8	
			0,0002494	0,5					0,0002494	-5,8	
			0,0002496	0,5					0,0002496	-5,6	
			0,0002498	0,52					0,0002498	-5,4	
