24 1023
84 224
152 140
216 79
276 48
340 31
404 56
464 96
528 159
588 248
652 352
712 448
776 542
836 632
900 704
964 736
1024 768
1088 736
1156 704
1216 632
1280 543
1344 448
1404 352
1468 255
1528 192
1592 120
1652 71
1716 63
1780 71
1840 120
1904 192
1964 254
2028 352
2088 448
2152 524
2220 608
2284 671
2344 707
2408 736
2468 707
2532 671
2592 609
2656 540
2720 448
2780 384
2844 271
2904 199
2968 135
3028 112
3092 96
3156 97
3224 135
3284 192
3348 263
3408 352
3472 448
3536 515
3596 590
3660 639
3720 688
3784 704
3844 704
3908 654
3968 608
4032 527
4096 451
4156 384
4224 286
4288 224
4348 159
4412 127
4476 120
4536 126
4600 158
4660 206
4724 271
4784 352
4848 432
4912 508
4972 572
5036 632
5096 655
5160 671
5220 668
5288 636
5352 583
5416 519
5476 448
5540 384
5600 295
5664 240
5724 192
5788 143
5852 127
5912 135
5976 176
6036 224
6100 271
6160 352
6224 415
6292 504
6356 568
6416 608
6480 639
6540 654
6604 639
6668 624
6728 575
6792 513
6852 448
6916 384
6976 312
7040 252
7100 199
7164 167
7228 156
7296 159
7356 192
7420 240
7480 287
7544 352
7608 423
7668 496
7732 543
7792 591
7856 624
7916 638
7980 636
8044 608
8104 568
8168 512
8228 448
8292 384
8360 316
8424 255
8484 224
8548 192
8608 167
8672 192
8732 195
8796 240
8856 287
8920 352
8984 414
9044 480
9108 527
9168 575
9232 608
9292 624
9364 624
9424 608
9488 560
9548 510
9612 448
9672 385
9736 327
9800 271
9860 240
9924 199
9984 192
10048 192
10108 224
10172 252
10232 287
10296 352
10360 414
10428 480
10488 519
10552 568
10612 591
10676 608
10740 608
10800 575
10864 543
10924 508
10988 449
11048 391
11112 352
11176 287
11236 252
11300 224
11360 199
11428 204
11492 224
11556 255
11616 304
11680 352
11740 408
11804 455
11864 510
11928 543
11988 575
12052 590
12116 583
12176 574
12240 542
12300 504
12364 449
12432 391
12496 352
12556 291
12620 255
12680 240
12744 224
12804 224
12868 240
12932 255
12992 312
13056 352
13116 399
13180 449
13240 504
13304 536
13364 568
13428 575
13496 574
13560 560
13620 527
13684 496
13744 448
13808 398
13872 352
13932 312
13996 271
14056 252
14120 240
14180 240
14244 252
14308 271
14368 312
14432 352
14500 399
14560 448
14624 496
14688 519
14748 543
14812 560
14872 560
14936 543
14996 519
15060 496
15120 448
15184 399
15248 384
15308 319
15372 287
15432 255
15500 252
15564 252
15628 255
15688 286
15752 318
15812 353
15876 398
15936 448
16000 480
