20 384
84 287
152 224
216 152
276 96
340 56
400 17
464 0
524 0
588 7
652 31
712 67
776 124
836 192
900 248
960 318
1024 387
1084 463
1156 542
1216 608
1280 664
1340 707
1404 768
1464 768
1528 775
1592 775
1652 768
1716 736
1776 704
1840 639
1900 575
1964 515
2024 448
2088 384
2152 312
2216 240
2280 192
2344 127
2404 96
2468 60
2528 39
2592 35
2652 48
2716 63
2780 97
2840 143
2904 192
2964 255
3028 318
3088 384
3152 448
3220 515
3284 575
3344 632
3408 671
3468 704
3532 736
3592 768
3656 768
3720 736
3780 704
3844 668
3904 624
3968 572
4028 511
4092 448
4156 385
4224 319
4284 255
4348 204
4408 159
4472 126
4536 96
4596 79
4660 71
4720 96
4784 112
4844 127
4908 167
4968 224
5032 255
5096 319
5156 384
5220 448
5288 508
5348 560
5412 608
5476 639
5536 671
5600 704
5660 705
5724 707
5784 704
5848 671
5912 639
5972 608
6036 560
6096 508
6160 448
6220 387
6288 327
6352 271
6416 224
6476 192
6540 152
6600 126
6664 112
6724 112
6788 112
6852 127
6912 156
6976 192
7036 240
7100 271
7160 319
7224 384
7292 448
7356 496
7416 543
7480 583
7540 624
7604 647
7668 671
7728 679
7792 679
7852 671
7916 647
7976 632
8040 583
8100 543
8164 504
8228 448
8288 391
8356 352
8420 287
8480 248
8544 207
8608 192
8668 156
8732 135
8792 127
8856 135
8916 152
8980 192
9044 199
9104 248
9168 284
9228 327
9292 384
9360 448
9424 480
9484 519
9548 568
9608 608
9672 632
9732 639
9796 652
9856 654
9920 639
9984 636
10044 608
10108 574
10168 536
10232 496
10292 448
10364 391
10424 352
10488 312
10548 255
10612 240
10672 199
10736 192
10800 163
10860 159
10924 159
10984 176
11048 192
11108 224
11172 254
11232 287
11296 332
11360 384
11428 422
11488 480
11552 511
11612 543
11676 575
11740 608
11800 624
11864 632
11924 632
11988 632
12048 608
12112 583
12176 560
12236 519
12300 496
12360 448
12428 396
12492 353
12556 318
12616 280
12680 252
12740 224
12804 199
12864 192
12928 192
12988 192
13052 193
13116 224
13176 240
13240 255
13300 304
13364 352
13432 384
13496 419
13556 462
13620 504
13680 527
13744 568
13804 575
13868 608
13932 608
13992 608
14056 608
14116 583
14180 572
14240 542
14304 511
14364 480
14428 448
14496 391
14560 368
14620 319
14684 287
14744 255
14808 240
14872 224
14932 204
14996 199
15056 199
15120 224
15180 224
15244 252
15308 271
15368 312
15432 352
15500 384
15560 415
15624 449
15688 496
15748 513
15812 543
15872 568
15936 575
15996 583
