20 385
84 335
144 287
208 240
268 192
332 152
396 120
456 79
520 56
588 31
648 15
712 7
776 7
836 14
900 28
960 48
1024 63
1084 96
1148 127
1208 176
1272 224
1336 255
1396 312
1460 352
1520 399
1588 454
1652 508
1716 543
1776 591
1840 636
1900 670
1964 704
2024 736
2088 768
2152 768
2212 768
2276 768
2336 768
2400 768
2460 768
2524 718
2584 704
2656 655
2716 624
2780 575
2840 540
2904 496
2964 448
3028 399
3092 353
3152 316
3216 268
3276 240
3340 192
3400 159
3464 127
3528 112
3588 96
3656 63
3720 62
3780 60
3844 62
3908 67
3968 96
4032 112
4092 127
4156 158
4216 192
4280 224
4340 255
4404 312
4468 352
4528 387
4592 448
4660 480
4720 518
4784 560
4848 591
4908 632
4972 654
5032 671
5096 704
5156 707
5220 718
5284 736
5344 719
5408 711
5468 704
5532 688
5592 655
5656 636
5724 608
5788 572
5848 527
5912 496
5972 451
6036 414
6096 384
6160 332
6224 295
6284 255
6348 224
6408 195
6472 176
6532 143
6596 127
6660 120
6728 112
6788 112
6852 112
6912 112
6976 124
7040 135
7100 158
7164 192
7224 207
7288 240
7348 271
7412 312
7472 352
7536 384
7600 415
7660 451
7728 496
7792 526
7852 560
7916 583
7980 609
8040 636
8104 647
8164 664
8228 671
8288 671
8352 671
8416 671
8476 664
8540 639
8600 636
8664 608
8724 575
8792 551
8856 519
8920 496
8980 451
9044 415
9104 384
9168 352
9228 318
9292 287
9356 255
9416 240
9480 199
9540 192
9604 167
9664 156
9728 143
9796 135
9860 135
9920 143
9984 156
10044 163
10108 192
10172 199
10232 224
10296 254
10356 280
10420 316
10480 352
10544 384
10604 408
10668 448
10732 480
10792 508
10860 527
10924 560
10984 575
11048 608
11112 624
11172 632
11236 638
11296 639
11360 639
11420 639
11484 636
11548 624
11608 608
11672 583
11732 568
11796 543
11864 512
11928 483
11988 455
12052 423
12112 391
12176 384
12236 335
12300 312
12360 284
12424 255
12488 248
12548 224
12612 199
12672 192
12736 192
12796 192
12868 192
12928 192
12992 192
13052 192
13116 204
13176 224
13240 248
13304 255
13364 287
13428 316
13488 352
13552 384
13612 391
13676 423
13736 449
13800 480
13864 508
13932 527
13992 547
14056 572
14116 575
14180 608
14244 608
14304 608
14368 608
14428 608
14492 608
14552 608
14616 575
14680 572
14740 547
14804 527
14864 510
14932 480
14996 455
15060 448
15120 399
15184 384
15244 352
15308 326
15368 312
15432 284
15492 255
15556 248
15620 240
15680 224
15744 224
15804 199
15868 199
15936 199
16000 224
